# TriggerType: TRIGGER_SECOND
#-----
#TimeStamp	Sec	Hth	Con	ConD	Fin	FinD	Data	DataD	Pkt	PktD
21:32:46.482	0	0.0	0	0	2	2	14823	14823	451	451	
21:32:47.482	1	2.153316106804479E-4	1	1	4	2	16643	1820	507	56	
21:32:48.483	2	2.153316106804479E-4	1	0	4	0	16643	0	507	0	
21:32:49.482	3	2.153316106804479E-4	1	0	4	0	16643	0	507	0	
21:32:50.482	4	2.153316106804479E-4	1	0	4	0	16643	0	507	0	
21:32:51.482	5	2.153316106804479E-4	1	0	7	3	31685	15042	965	458	
21:32:52.482	6	4.306632213608958E-4	4	3	28	21	34259	2574	1035	70	
21:32:53.482	7	4.306632213608958E-4	4	0	30	2	34398	139	1038	3	
21:32:54.482	8	4.306632213608958E-4	4	0	30	0	34398	0	1038	0	
21:32:55.482	9	4.306632213608958E-4	4	0	30	0	34398	0	1038	0	
21:32:56.482	10	4.306632213608958E-4	4	0	32	2	49879	15481	1507	469	
21:32:57.482	11	8.613264427217916E-4	8	4	76	44	54406	4527	1614	107	
21:32:58.482	12	8.613264427217916E-4	8	0	76	0	54479	73	1615	1	
21:32:59.482	13	8.613264427217916E-4	8	0	76	0	54479	0	1615	0	
21:33:00.482	14	8.613264427217916E-4	8	0	76	0	54479	0	1615	0	
21:33:01.483	15	8.613264427217916E-4	8	0	76	0	69962	15483	2082	467	
21:33:02.485	16	0.0010766580534022395	13	5	134	58	77097	7135	2249	167	
21:33:03.485	17	0.0017226528854435831	19	6	238	104	87004	9907	2412	163	
21:33:04.485	18	0.0017226528854435831	19	0	248	10	89710	2706	2454	42	
21:33:05.485	19	0.0017226528854435831	19	0	248	0	89710	0	2454	0	
21:33:06.485	20	0.0017226528854435831	19	0	249	1	105700	15990	2936	482	
21:33:07.486	21	0.0034453057708871662	31	12	369	120	122828	17128	3276	340	
21:33:08.486	22	0.006029285099052541	36	5	536	167	151817	28989	3713	437	
21:33:09.487	23	0.006029285099052541	36	0	542	6	154073	2256	3745	32	
21:33:10.486	24	0.006029285099052541	36	0	542	0	154073	0	3745	0	
21:33:11.487	25	0.006029285099052541	36	0	542	0	169524	15451	4212	467	
21:33:12.487	26	0.008613264427217916	48	12	650	108	185577	16053	4549	337	
21:33:13.488	27	0.01313522825150732	55	7	983	333	248827	63250	5491	942	
21:33:14.488	28	0.01313522825150732	55	0	1002	19	254737	5910	5577	86	
21:33:15.488	29	0.01313522825150732	55	0	1002	0	261818	7081	5674	97	
21:33:16.488	30	0.01313522825150732	55	0	1002	0	281749	19931	6197	523	
21:33:17.488	31	0.017011197243755383	68	13	1140	138	308454	26705	6722	525	
21:33:18.489	32	0.031007751937984496	90	22	1714	574	456367	147913	8895	2173	
21:33:19.489	33	0.0355297157622739	90	0	1883	169	520048	63681	9792	897	
21:33:20.490	34	0.0355297157622739	90	0	1886	3	520486	438	9798	6	
21:33:21.490	35	0.0355297157622739	90	0	1888	2	534876	14390	10232	434	
21:33:22.491	36	0.043712316968130924	112	22	2166	278	581326	46450	11054	822	
21:33:23.492	37	0.0661068044788975	138	26	3116	950	871962	290636	15258	4204	
21:33:24.492	38	0.08161068044788974	141	3	3529	413	1049037	177075	17741	2483	
21:33:25.492	39	0.08397932816537468	141	0	3583	54	1061459	12422	17915	174	
21:33:26.492	40	0.08397932816537468	141	0	3583	0	1074533	13074	18309	394	
21:33:27.492	41	0.09474590869939707	157	16	3775	192	1140109	65576	19421	1112	
21:33:28.492	42	0.1388888888888889	199	42	4863	1088	1593026	452917	25942	6521	
21:33:29.493	43	0.16580534022394489	202	3	5472	609	2019584	426558	31880	5938	
21:33:30.493	44	0.16968130921619293	202	0	5550	78	2050164	30580	32300	420	
21:33:31.493	45	0.16968130921619293	202	0	5550	0	2060823	10659	32623	323	
21:33:32.493	46	0.1780792420327304	215	13	5670	120	2092453	31630	33265	642	
21:33:33.493	47	0.2351421188630491	262	47	6812	1142	2579227	486774	40323	7058	
21:33:34.493	48	0.28294573643410853	266	4	7706	894	3281141	701914	50061	9738	
21:33:35.493	49	0.28940568475452194	266	0	7842	136	3329293	48152	50725	664	
21:33:36.493	50	0.28940568475452194	266	0	7842	0	3338077	8784	50989	264	
21:33:37.493	51	0.29780361757105944	275	9	7935	93	3375171	37094	51715	726	
21:33:38.493	52	0.36003445305770887	320	45	8791	856	3810417	435246	58089	6374	
21:33:39.493	53	0.42291128337639966	331	11	9773	982	4870411	1059994	72803	14714	
21:33:40.493	54	0.44142980189491815	331	0	10004	231	5192824	322413	77224	4421	
21:33:41.493	55	0.44164513350559864	331	0	10006	2	5201164	8340	77444	220	
21:33:42.493	56	0.4459517657192076	335	4	10054	48	5223018	21854	77934	490	
21:33:43.493	57	0.5195951765719208	386	51	10915	861	5640026	417008	84110	6176	
21:33:44.493	58	0.6016365202411714	395	9	11923	1008	6825299	1185273	100587	16477	
21:33:45.493	59	0.6339362618432386	395	0	12285	362	7105038	279739	104430	3843	
21:33:46.493	60	0.6345822566752799	395	0	12291	6	7110389	5351	104573	143	
21:33:47.493	61	0.6427648578811369	399	4	12359	68	7138131	27742	105123	550	
21:33:48.493	62	0.7011197243755384	436	37	12955	596	7514423	376292	110715	5592	
21:33:49.493	63	0.7667958656330749	444	8	13603	648	8494036	979613	124372	13657	
21:33:50.493	64	0.7943583118001722	444	0	13868	265	8746303	252267	127831	3459	
21:33:51.493	65	0.7960809646856158	444	0	13881	13	9123795	377492	133035	5204	
21:33:52.493	66	0.7982342807924203	445	1	13898	17	9426560	302765	137284	4249	
21:33:53.493	67	0.8298880275624462	467	22	14183	285	9590108	163548	139936	2652	
21:33:54.493	68	0.8669250645994832	470	3	14477	294	10151291	561183	147827	7891	
21:33:55.493	69	0.8875968992248062	470	0	14677	200	10348862	197571	150534	2707	
21:33:56.493	70	0.8882428940568475	470	0	14683	6	10351422	2560	150590	56	
21:33:57.493	71	0.8912575366063739	471	1	14706	23	10360335	8913	150803	213	
21:33:58.493	72	0.9239879414298019	485	14	14945	239	10536917	176582	153625	2822	
21:33:59.493	73	0.9425064599483204	487	2	15106	161	10928768	391851	159176	5551	
21:34:00.493	74	0.9511197243755384	487	0	15181	75	10992205	63437	160045	869	
21:34:01.493	75	0.9511197243755384	487	0	15181	0	10992667	462	160059	14	
21:34:02.493	76	0.9515503875968992	487	0	15183	2	11001615	8948	160247	188	
21:34:03.493	77	0.9623169681309216	494	7	15296	113	11540888	539273	167996	7749	
21:34:04.493	78	0.976959517657192	495	1	15446	150	12107994	567106	175954	7958	
21:34:05.493	79	0.9870801033591732	495	0	15538	92	12179826	71832	176938	984	
21:34:06.493	80	0.9870801033591732	495	0	15538	0	12180049	223	176945	7	
21:34:07.493	81	0.9870801033591732	495	0	15538	0	12183595	3546	177059	114	
21:34:08.493	82	0.9920327304048234	498	3	15575	37	12216802	33207	177874	815	
21:34:09.493	83	0.9967700258397932	499	1	15607	32	12312205	95403	179365	1491	
21:34:10.493	84	0.9989233419465977	499	0	15625	18	12356177	43972	179969	604	
21:34:11.493	85	1.0	499	0	15635	10	12358732	2555	180004	35	
21:34:12.493	86	1.0	499	0	15635	0	12361190	2458	180086	82	
21:34:13.493	87	1.0	499	0	15635	0	12379653	18463	180685	599	
21:34:14.493	88	1.0	499	0	15635	0	12393689	14036	181049	364	
21:34:15.493	89	1.0	499	0	15635	0	12785261	391572	186413	5364	
21:34:16.493	90	1.0	499	0	15635	0	13113520	328259	190912	4499	
21:34:17.493	91	1.0	499	0	15635	0	13120878	7358	191070	158	
21:34:18.493	92	1.0	499	0	15635	0	13139464	18586	191672	602	
21:34:19.493	93	1.0	499	0	15635	0	13149206	9742	191982	310	
21:34:20.494	94	1.0	499	0	15635	0	13149272	66	191984	2	
21:34:21.495	95	1.0	499	0	15635	0	13149272	0	191984	0	
21:34:22.495	96	1.0	499	0	15635	0	13151730	2458	192066	82	
21:34:23.495	97	1.0	499	0	15635	0	13169656	17926	192648	582	
21:34:24.495	98	1.0	499	0	15635	0	13179776	10120	192968	320	
21:34:25.495	99	1.0	499	0	15635	0	13179776	0	192968	0	
21:34:26.495	100	1.0	499	0	15635	0	13181214	1438	192990	22	
21:34:27.495	101	1.0	499	0	15635	0	13399226	218012	196026	3036	
21:34:28.495	102	1.0	499	0	15635	0	14234968	835742	207832	11806	
21:34:29.495	103	1.0	499	0	15635	0	14340443	105475	209451	1619	
21:34:30.495	104	1.0	499	0	15635	0	14340509	66	209453	2	
21:34:31.495	105	1.0	499	0	15635	0	14340509	0	209453	0	
21:34:32.495	106	1.0	499	0	15635	0	14342967	2458	209535	82	
21:34:33.495	107	1.0	499	0	15635	0	14361181	18214	210125	590	
21:34:34.495	108	1.0	499	0	15635	0	14371013	9832	210437	312	
21:34:35.495	109	1.0	499	0	15635	0	14371013	0	210437	0	
21:34:36.495	110	1.0	499	0	15635	0	14371137	124	210441	4	
21:34:37.495	111	1.0	499	0	15635	0	14374115	2978	210539	98	
21:34:38.495	112	1.0	499	0	15635	0	14392916	18801	211148	609	
21:34:39.495	113	1.0	499	0	15635	0	14445586	52670	212042	894	
21:34:40.495	114	1.0	499	0	15635	0	15117033	671447	221241	9199	
21:34:41.495	115	1.0	499	0	15635	0	15312746	195713	223922	2681	
21:34:42.495	116	1.0	499	0	15635	0	15315642	2896	224010	88	
21:34:43.495	117	1.0	499	0	15635	0	15333856	18214	224600	590	
21:34:44.495	118	1.0	499	0	15635	0	15343688	9832	224912	312	
21:34:45.495	119	1.0	499	0	15635	0	15343688	0	224912	0	
21:34:46.495	120	1.0	499	0	15635	0	15343812	124	224916	4	
21:34:47.495	121	1.0	499	0	15635	0	15346790	2978	225014	98	
21:34:48.495	122	1.0	499	0	15635	0	15365525	18735	225621	607	
21:34:49.495	123	1.0	499	0	15635	0	15375118	9593	225926	305	
21:34:50.495	124	1.0	499	0	15635	0	15375184	66	225928	2	
21:34:51.495	125	1.0	499	0	15635	0	15392193	17009	226161	233	
21:34:52.495	126	1.0	499	0	15635	0	15939304	547111	233704	7543	
21:34:53.495	127	1.0	499	0	15635	0	16294376	355072	238912	5208	
21:34:54.495	128	1.0	499	0	15635	0	16316363	21987	239387	475	
21:34:55.495	129	1.0	499	0	15635	0	16316363	0	239387	0	
21:34:56.495	130	1.0	499	0	15635	0	16316487	124	239391	4	
21:34:57.495	131	1.0	499	0	15635	0	16319465	2978	239489	98	
21:34:58.495	132	1.0	499	0	15635	0	16338167	18702	240095	606	
21:34:59.495	133	1.0	499	0	15635	0	16347793	9626	240401	306	
21:35:00.495	134	1.0	499	0	15635	0	16347859	66	240403	2	
21:35:01.495	135	1.0	499	0	15635	0	16347859	0	240403	0	
21:35:02.495	136	1.0	499	0	15635	0	16350152	2293	240480	77	
21:35:03.495	137	1.0	499	0	15635	0	16374918	24766	241166	686	
21:35:04.495	138	1.0	499	0	15635	0	16792784	417866	247064	5898	
21:35:05.495	139	1.0	499	0	15635	0	17377003	584219	255067	8003	
21:35:06.495	140	1.0	499	0	15635	0	17398443	21440	255363	296	
21:35:07.495	141	1.0	499	0	15635	0	17401421	2978	255461	98	
21:35:08.496	142	1.0	499	0	15635	0	17420156	18735	256068	607	
21:35:09.496	143	1.0	499	0	15635	0	17429749	9593	256373	305	
21:35:10.496	144	1.0	499	0	15635	0	17429815	66	256375	2	
21:35:11.496	145	1.0	499	0	15635	0	17429815	0	256375	0	
21:35:12.496	146	1.0	499	0	15635	0	17432273	2458	256457	82	
21:35:13.496	147	1.0	499	0	15635	0	17450669	18396	257053	596	
21:35:14.496	148	1.0	499	0	15635	0	17460319	9650	257359	306	
21:35:15.496	149	1.0	499	0	15635	0	17460319	0	257359	0	
21:35:16.496	150	1.0	499	0	15635	0	17652360	192041	259992	2633	
21:35:17.496	151	1.0	499	0	15635	0	18406946	754586	270386	10394	
21:35:18.496	152	1.0	499	0	15635	0	18502211	95265	272043	1657	
21:35:19.496	153	1.0	499	0	15635	0	18511705	9494	272345	302	
21:35:20.496	154	1.0	499	0	15635	0	18511771	66	272347	2	
21:35:21.496	155	1.0	499	0	15635	0	18511771	0	272347	0	
21:35:22.496	156	1.0	499	0	15635	0	18514229	2458	272429	82	
21:35:23.496	157	1.0	499	0	15635	0	18532828	18599	273032	603	
21:35:24.496	158	1.0	499	0	15635	0	18542275	9447	273331	299	
21:35:25.496	159	1.0	499	0	15635	0	18542275	0	273331	0	
21:35:26.497	160	1.0	499	0	15635	0	18542399	124	273335	4	
21:35:27.497	161	1.0	499	0	15635	0	18545377	2978	273433	98	
21:35:28.497	162	1.0	499	0	15635	0	18729512	184135	276304	2871	
21:35:29.497	163	1.0	499	0	15635	0	19469561	740049	286617	10313	
21:35:30.497	164	1.0	499	0	15635	0	19557227	87666	287819	1202	
21:35:31.497	165	1.0	499	0	15635	0	19557300	73	287820	1	
21:35:32.497	166	1.0	499	0	15635	0	19559758	2458	287902	82	
21:35:33.498	167	1.0	499	0	15635	0	19578386	18628	288506	604	
21:35:34.498	168	1.0	499	0	15635	0	19587804	9418	288804	298	
21:35:35.498	169	1.0	499	0	15635	0	19587804	0	288804	0	
21:35:36.498	170	1.0	499	0	15635	0	19587928	124	288808	4	
21:35:37.498	171	1.0	499	0	15635	0	19590444	2516	288892	84	
21:35:38.498	172	1.0	499	0	15635	0	19609889	19445	289521	629	
21:35:39.498	173	1.0	499	0	15635	0	19619234	9345	289818	297	
21:35:40.498	174	1.0	499	0	15635	0	19723544	104310	291248	1430	
21:35:41.499	175	1.0	499	0	15635	0	20434637	711093	300989	9741	
21:35:42.499	176	1.0	499	0	15635	0	20568641	134004	302873	1884	
21:35:43.499	177	1.0	499	0	15635	0	20587604	18963	303484	611	
21:35:44.499	178	1.0	499	0	15635	0	20596906	9302	303778	294	
21:35:45.499	179	1.0	499	0	15635	0	20596906	0	303778	0	
21:35:46.499	180	0.9995683142672135	498	-1	15635	0	20597030	124	303782	4	
21:35:47.500	181	0.9995683142672135	498	0	15636	1	20625357	28327	304153	371	
21:35:48.500	182	0.9997841571336067	498	0	15639	3	20665459	40102	304995	842	
21:35:49.500	183	0.9997841571336067	498	0	15639	0	20674672	9213	305288	293	
21:35:50.500	184	0.9997841571336067	498	0	15639	0	20674738	66	305290	2	
21:35:51.500	185	0.9997841571336067	498	0	15639	0	20674738	0	305290	0	
21:35:52.500	186	1.0	498	0	15644	5	20756978	82240	306466	1176	
21:35:53.500	187	1.0	498	0	15646	2	21475904	718926	316676	10210	
21:35:54.500	188	1.0	498	0	15648	2	21720213	244309	320205	3529	
21:35:55.501	189	1.0	498	0	15648	0	21721162	949	320218	13	
21:35:56.500	190	1.0	498	0	15648	0	21721286	124	320222	4	
21:35:57.500	191	1.0	498	0	15648	0	21724264	2978	320320	98	
21:35:58.500	192	1.0	498	0	15648	0	21743156	18892	320932	612	
21:35:59.500	193	1.0	498	0	15648	0	21752468	9312	321228	296	
21:36:00.500	194	1.0	498	0	15648	0	21752534	66	321230	2	
21:36:01.500	195	1.0	498	0	15648	0	21752534	0	321230	0	
21:36:02.500	196	1.0	498	0	15648	0	21755058	2524	321314	84	
21:36:03.500	197	1.0	498	0	15648	0	21773802	18744	321922	608	
21:36:04.500	198	1.0	498	0	15650	2	21799901	26099	322445	523	
21:36:05.500	199	1.0	498	0	15650	0	22233010	433109	328378	5933	
21:36:06.500	200	1.0	498	0	15650	0	22436731	203721	331171	2793	
21:36:07.500	201	1.0	498	0	15650	0	22440512	3781	331280	109	
21:36:08.500	202	1.0	498	0	15650	0	22459404	18892	331892	612	
21:36:09.500	203	1.0	498	0	15650	0	22468716	9312	332188	296	
21:36:10.500	204	1.0	498	0	15650	0	22468782	66	332190	2	
21:36:11.500	205	1.0	498	0	15650	0	22468782	0	332190	0	
21:36:12.500	206	1.0	498	0	15650	0	22471075	2293	332267	77	
21:36:13.500	207	1.0	498	0	15650	0	22489984	18909	332880	613	
21:36:14.500	208	1.0	498	0	15652	2	22499286	9302	333174	294	
21:36:15.500	209	1.0	498	0	15652	0	22499286	0	333174	0	
21:36:16.500	210	1.0	498	0	15652	0	22530216	30930	333600	426	
21:36:17.500	211	1.0	498	0	15652	0	23061860	531644	340940	7340	
21:36:18.500	212	1.0	498	0	15652	0	23320484	258624	344836	3896	
21:36:19.500	213	1.0	498	0	15652	0	23330380	9896	345140	304	
21:36:20.500	214	1.0	498	0	15652	0	23330446	66	345142	2	
21:36:21.500	215	1.0	498	0	15652	0	23330446	0	345142	0	
21:36:22.500	216	1.0	498	0	15652	0	23332970	2524	345226	84	
21:36:23.500	217	1.0	498	0	15652	0	23351714	18744	345834	608	
21:36:24.500	218	1.0	498	0	15654	2	23360950	9236	346126	292	
21:36:25.500	219	1.0	498	0	15654	0	23360950	0	346126	0	
21:36:26.500	220	1.0	498	0	15654	0	23361074	124	346130	4	
21:36:27.500	221	1.0	498	0	15654	0	23364052	2978	346228	98	
21:36:28.500	222	1.0	498	0	15654	0	23400610	36558	347082	854	
21:36:29.501	223	1.0	498	0	15654	0	23993776	593166	355376	8294	
21:36:30.500	224	1.0	498	0	15654	0	24475350	481574	361974	6598	
21:36:31.500	225	1.0	498	0	15654	0	24482942	7592	362078	104	
21:36:32.500	226	1.0	498	0	15654	0	24485466	2524	362162	84	
21:36:33.500	227	1.0	498	0	15654	0	24504210	18744	362770	608	
21:36:34.500	228	1.0	498	0	15656	2	24513446	9236	363062	292	
21:36:35.500	229	1.0	498	0	15656	0	24513446	0	363062	0	
21:36:36.500	230	1.0	498	0	15656	0	24513570	124	363066	4	
21:36:37.500	231	1.0	498	0	15656	0	24516548	2978	363164	98	
21:36:38.501	232	1.0	498	0	15656	0	24535506	18958	363778	614	
21:36:39.500	233	1.0	498	0	15656	0	24544752	9246	364072	294	
21:36:40.500	234	1.0	498	0	15656	0	24550950	6198	364158	86	
21:36:41.500	235	1.0	498	0	15656	0	24991578	440628	370194	6036	
21:36:42.500	236	1.0	498	0	15656	0	25653073	661495	379305	9111	
21:36:43.500	237	1.0	498	0	15656	0	25693060	39987	380204	899	
21:36:44.500	238	1.0	498	0	15658	2	25702296	9236	380496	292	
21:36:45.500	239	1.0	498	0	15658	0	25702296	0	380496	0	
21:36:46.500	240	0.9980527909995673	497	-1	15658	0	25702420	124	380500	4	
21:36:47.500	241	0.9980527909995673	497	0	15658	0	25704936	2516	380584	84	
21:36:48.500	242	0.9980527909995673	497	0	15659	1	25727765	22829	381257	673	
21:36:49.500	243	0.9982691475551709	497	0	15663	4	25765508	37743	381964	707	
21:36:50.500	244	0.9984855041107745	497	0	15669	6	25767713	2205	381997	33	
21:36:51.500	245	0.9984855041107745	497	0	15669	0	25767713	0	381997	0	
21:36:52.500	246	0.9984855041107745	497	0	15670	1	25770237	2524	382081	84	
21:36:53.501	247	0.9984855041107745	497	0	15678	8	25954041	183804	384949	2868	
21:36:54.501	248	0.9984855041107745	497	0	15688	10	26575521	621480	393629	8680	
21:36:55.501	249	0.9984855041107745	497	0	15688	0	26632680	57159	394412	783	
21:36:56.501	250	0.9984855041107745	497	0	15688	0	26632804	124	394416	4	
21:36:57.501	251	0.9984855041107745	497	0	15688	0	26635782	2978	394514	98	
21:36:58.501	252	0.9984855041107745	497	0	15690	2	26654616	18834	395124	610	
21:36:59.501	253	0.9984855041107745	497	0	15690	0	26663862	9246	395418	294	
21:37:00.501	254	0.9984855041107745	497	0	15690	0	26663928	66	395420	2	
21:37:01.501	255	0.9984855041107745	497	0	15690	0	26663928	0	395420	0	
21:37:02.501	256	0.9984855041107745	497	0	15690	0	26666452	2524	395504	84	
21:37:03.501	257	0.9984855041107745	497	0	15690	0	26685196	18744	396112	608	
21:37:04.502	258	0.9984855041107745	497	0	15690	0	26695892	10696	396424	312	
21:37:05.501	259	0.9984855041107745	497	0	15690	0	26844447	148555	398459	2035	
21:37:06.501	260	0.9984855041107745	497	0	15697	7	27313012	468565	404880	6421	
21:37:07.501	261	0.9984855041107745	497	0	15697	0	27350592	37580	405452	572	
21:37:08.501	262	0.9984855041107745	497	0	15699	2	27369145	18553	406053	601	
21:37:09.501	263	0.9984855041107745	497	0	15699	0	27378672	9527	406356	303	
21:37:10.501	264	0.9984855041107745	497	0	15699	0	27378738	66	406358	2	
21:37:11.501	265	0.9984855041107745	497	0	15699	0	27378738	0	406358	0	
21:37:12.501	266	0.9984855041107745	497	0	15699	0	27381262	2524	406442	84	
21:37:13.501	267	0.9984855041107745	497	0	15699	0	27399940	18678	407048	606	
21:37:14.501	268	0.9984855041107745	497	0	15699	0	27409242	9302	407342	294	
21:37:15.501	269	0.9984855041107745	497	0	15699	0	27409242	0	407342	0	
21:37:16.501	270	0.9984855041107745	497	0	15699	0	27409366	124	407346	4	
21:37:17.501	271	0.9984855041107745	497	0	15699	0	27563016	153650	409508	2162	
21:37:18.501	272	0.9987018606663782	497	0	15702	3	28358235	795219	420751	11243	
21:37:19.501	273	0.9987018606663782	497	0	15702	0	28456292	98057	422264	1513	
21:37:20.501	274	0.9987018606663782	497	0	15702	0	28456358	66	422266	2	
21:37:21.501	275	0.9987018606663782	497	0	15702	0	28456358	0	422266	0	
21:37:22.501	276	0.9987018606663782	497	0	15702	0	28458651	2293	422343	77	
21:37:23.501	277	0.9987018606663782	497	0	15702	0	28477560	18909	422956	613	
21:37:24.501	278	0.9987018606663782	497	0	15702	0	28486862	9302	423250	294	
21:37:25.501	279	0.9987018606663782	497	0	15702	0	28486862	0	423250	0	
21:37:26.501	280	0.9987018606663782	497	0	15702	0	28486986	124	423254	4	
21:37:27.501	281	0.9987018606663782	497	0	15702	0	28489964	2978	423352	98	
21:37:28.501	282	0.9989182172219818	497	0	15705	3	28508682	18718	423958	606	
21:37:29.501	283	0.9989182172219818	497	0	15707	2	28626522	117840	425742	1784	
21:37:30.509	284	0.9989182172219818	497	0	15707	0	29299648	673126	434964	9222	
21:37:31.509	285	0.9989182172219818	497	0	15707	0	29388854	89206	436186	1222	
21:37:32.509	286	0.9989182172219818	497	0	15707	0	29391502	2648	436274	88	
21:37:33.509	287	0.9989182172219818	497	0	15707	0	29410188	18686	436880	606	
21:37:34.509	288	0.9989182172219818	497	0	15707	0	29419358	9170	437170	290	
21:37:35.509	289	0.9989182172219818	497	0	15707	0	29419358	0	437170	0	
21:37:36.509	290	0.9989182172219818	497	0	15707	0	29419482	124	437174	4	
21:37:37.509	291	0.9989182172219818	497	0	15707	0	29422729	3247	437281	107	
21:37:38.509	292	0.9989182172219818	497	0	15709	2	29441782	19053	437898	617	
21:37:39.509	293	0.9989182172219818	497	0	15709	0	29450540	8758	438176	278	
21:37:40.509	294	0.9989182172219818	497	0	15709	0	29450606	66	438178	2	
21:37:41.509	295	0.9989182172219818	497	0	15709	0	29509298	58692	438982	804	
21:37:42.510	296	0.9989182172219818	497	0	15709	0	30255378	746080	449254	10272	
21:37:43.510	297	0.9989182172219818	497	0	15709	0	30451725	196347	452297	3043	
21:37:44.510	298	0.9989182172219818	497	0	15709	0	30460697	8972	452581	284	
21:37:45.510	299	0.9989182172219818	497	0	15709	0	30460697	0	452581	0	
21:37:46.510	300	0.9961156668105309	497	0	15709	0	30460821	124	452585	4	
21:37:47.510	301	0.9961156668105309	497	0	15709	0	30464200	3379	452696	111	
21:37:48.510	302	0.9974104445403539	498	1	15718	9	30486907	22707	453367	671	
21:37:49.510	303	0.998705222270177	498	0	15725	7	30526636	39729	454072	705	
21:37:50.510	304	0.9989210185584808	498	0	15726	1	30528819	2183	454103	31	
21:37:51.510	305	0.9989210185584808	498	0	15726	0	30528819	0	454103	0	
21:37:52.510	306	0.9989210185584808	498	0	15726	0	30531467	2648	454191	88	
21:37:53.510	307	0.9989210185584808	498	0	15726	0	30587515	56048	455311	1120	
21:37:54.510	308	0.9989210185584808	498	0	15726	0	31296623	709108	465187	9876	
21:37:55.510	309	0.9989210185584808	498	0	15726	0	31612129	315506	469509	4322	
21:37:56.510	310	0.9989210185584808	498	0	15726	0	31613713	1584	469533	24	
21:37:57.510	311	0.9989210185584808	498	0	15726	0	31616960	3247	469640	107	
21:37:58.510	312	0.9989210185584808	498	0	15726	0	31636013	19053	470257	617	
21:37:59.510	313	0.9989210185584808	498	0	15726	0	31644895	8882	470539	282	
21:38:00.510	314	0.9989210185584808	498	0	15726	0	31644961	66	470541	2	
21:38:01.510	315	0.9989210185584808	498	0	15726	0	31644961	0	470541	0	
21:38:02.510	316	0.9989210185584808	498	0	15726	0	31647609	2648	470629	88	
21:38:03.510	317	0.9989210185584808	498	0	15726	0	31666427	18818	471239	610	
21:38:04.510	318	0.9989210185584808	498	0	15726	0	31675465	9038	471525	286	
21:38:05.510	319	0.9989210185584808	498	0	15726	0	31681159	5694	471603	78	
21:38:06.510	320	0.9989210185584808	498	0	15726	0	32119137	437978	477605	6002	
21:38:07.510	321	0.9989210185584808	498	0	15726	0	32643239	524102	484847	7242	
21:38:08.510	322	0.9989210185584808	498	0	15726	0	32679563	36324	485703	856	
21:38:09.510	323	0.9989210185584808	498	0	15726	0	32688329	8766	485981	278	
21:38:10.511	324	0.9989210185584808	498	0	15726	0	32688395	66	485983	2	
21:38:11.511	325	0.9989210185584808	498	0	15726	0	32688395	0	485983	0	
21:38:12.511	326	0.9989210185584808	498	0	15726	0	32691043	2648	486071	88	
21:38:13.511	327	0.9989210185584808	498	0	15726	0	32709927	18884	486683	612	
21:38:14.511	328	0.9989210185584808	498	0	15726	0	32718899	8972	486967	284	
21:38:15.511	329	0.9989210185584808	498	0	15726	0	32718899	0	486967	0	
21:38:16.511	330	0.9989210185584808	498	0	15726	0	32719023	124	486971	4	
21:38:17.511	331	0.9989210185584808	498	0	15726	0	32727672	8649	487152	181	
21:38:18.511	332	0.9989210185584808	498	0	15726	0	33079064	351392	492324	5172	
21:38:19.511	333	0.9989210185584808	498	0	15726	0	33398883	319819	496863	4539	
21:38:20.512	334	0.9989210185584808	498	0	15726	0	33404643	5760	496943	80	
21:38:21.511	335	0.9989210185584808	498	0	15726	0	33404643	0	496943	0	
21:38:22.511	336	0.9989210185584808	498	0	15726	0	33407291	2648	497031	88	
21:38:23.511	337	0.9989210185584808	498	0	15726	0	33426175	18884	497643	612	
21:38:24.511	338	0.9989210185584808	498	0	15726	0	33435147	8972	497927	284	
21:38:25.512	339	0.9989210185584808	498	0	15726	0	33435147	0	497927	0	
21:38:26.512	340	0.9989210185584808	498	0	15726	0	33435271	124	497931	4	
21:38:27.512	341	0.9989210185584808	498	0	15726	0	33438518	3247	498038	107	
21:38:28.512	342	0.9989210185584808	498	0	15726	0	33457687	19169	498659	621	
21:38:29.512	343	0.9989210185584808	498	0	15726	0	33467548	9861	498952	293	
21:38:30.512	344	0.9989210185584808	498	0	15726	0	33806480	338932	503596	4644	
21:38:31.512	345	0.9989210185584808	498	0	15726	0	34549255	742775	513771	10175	
21:38:32.512	346	0.9989210185584808	498	0	15726	0	34596141	46886	514465	694	
21:38:33.512	347	0.9989210185584808	498	0	15726	0	34615025	18884	515077	612	
21:38:34.512	348	0.9989210185584808	498	0	15726	0	34623997	8972	515361	284	
21:38:35.512	349	0.9989210185584808	498	0	15726	0	34623997	0	515361	0	
21:38:36.512	350	0.9989210185584808	498	0	15726	0	34624121	124	515365	4	
21:38:37.512	351	0.9989210185584808	498	0	15726	0	34627368	3247	515472	107	
21:38:38.512	352	0.9989210185584808	498	0	15726	0	34646537	19169	516093	621	
21:38:39.513	353	0.9989210185584808	498	0	15726	0	34655303	8766	516371	278	
21:38:40.513	354	0.9989210185584808	498	0	15726	0	34655369	66	516373	2	
21:38:41.513	355	0.9989210185584808	498	0	15726	0	34655369	0	516373	0	
21:38:42.513	356	0.9989210185584808	498	0	15726	0	34819128	163759	518668	2295	
21:38:43.513	357	0.9989210185584808	498	0	15726	0	35357214	538086	526394	7726	
21:38:44.513	358	0.9989210185584808	498	0	15726	0	35412953	55739	527317	923	
21:38:45.514	359	0.9989210185584808	498	0	15726	0	35412953	0	527317	0	
