# TriggerType: TRIGGER_SECOND
#-----
10:29:17.297	0	0.0033112582781456954	1	1	2	2	0	0	49	1	0	0	0	0	0	0	0	1	48	49	1	0	0	0	0	0	0	0	1	48	
10:29:18.280	1	0.0033112582781456954	1	0	2	0	0	0	49	1	0	0	0	0	0	0	0	1	48	0	0	0	0	0	0	0	0	0	0	0	
10:29:19.279	2	0.0033112582781456954	1	0	2	0	0	0	49	1	0	0	0	0	0	0	0	1	48	0	0	0	0	0	0	0	0	0	0	0	
10:29:20.279	3	0.0033112582781456954	1	0	2	0	0	0	49	1	0	0	0	0	0	0	0	1	48	0	0	0	0	0	0	0	0	0	0	0	
10:29:21.279	4	0.0033112582781456954	1	0	2	0	0	0	49	1	0	0	0	0	0	0	0	1	48	0	0	0	0	0	0	0	0	0	0	0	
10:29:22.279	5	0.002844950213371266	2	1	9	7	0	0	194	3	0	0	0	0	0	0	0	2	144	145	2	0	0	0	0	0	0	0	1	96	
10:29:23.279	6	0.002844950213371266	3	1	15	6	0	0	194	3	0	0	3	3	0	0	0	3	144	0	0	0	0	3	3	0	0	0	1	0	
10:29:24.279	7	0.002844950213371266	3	0	15	0	0	0	194	3	0	0	3	3	0	0	0	3	144	0	0	0	0	0	0	0	0	0	0	0	
10:29:25.279	8	0.002844950213371266	3	0	15	0	0	0	194	3	0	0	3	3	0	0	0	3	144	0	0	0	0	0	0	0	0	0	0	0	
10:29:26.279	9	0.002844950213371266	3	0	15	0	0	0	194	3	0	0	3	3	0	0	0	3	144	0	0	0	0	0	0	0	0	0	0	0	
10:29:27.279	10	0.0017482517482517483	4	1	26	11	0	0	462	7	0	0	3	3	0	0	0	4	286	268	4	0	0	0	0	0	0	0	1	142	
10:29:28.279	11	0.0034965034965034965	7	3	53	27	0	0	462	7	0	0	23	23	0	0	0	7	286	0	0	0	0	20	20	0	0	0	3	0	
10:29:29.279	12	0.0034965034965034965	7	0	55	2	0	0	462	7	0	0	25	25	0	0	0	7	286	0	0	0	0	2	2	0	0	0	0	0	
10:29:30.279	13	0.0034965034965034965	7	0	55	0	0	0	462	7	0	0	25	25	0	0	0	7	286	0	0	0	0	0	0	0	0	0	0	0	
10:29:31.279	14	0.0034965034965034965	7	0	55	0	0	0	462	7	0	0	25	25	0	0	0	7	286	0	0	0	0	0	0	0	0	0	0	0	
10:29:32.279	15	0.004366812227074236	8	1	68	13	0	0	882	12	0	0	25	25	0	0	0	8	389	420	5	0	0	0	0	0	0	0	1	103	
10:29:33.279	16	0.0056144728633811605	15	7	131	63	0	0	890	15	0	0	78	78	0	0	0	15	470	8	3	0	0	53	53	0	0	0	7	81	
10:29:34.279	17	0.007485963817841547	15	0	181	50	0	0	890	15	0	0	131	131	0	0	0	15	470	0	0	0	0	53	53	0	0	0	0	0	
10:29:35.279	18	0.007485963817841547	15	0	181	0	0	0	890	15	0	0	131	131	0	0	0	15	470	0	0	0	0	0	0	0	0	0	0	0	
10:29:36.279	19	0.007485963817841547	15	0	181	0	0	0	890	15	0	0	131	131	0	0	0	15	470	0	0	0	0	0	0	0	0	0	0	0	
10:29:37.279	20	0.0043457267020762915	16	1	195	14	0	0	1431	21	0	0	131	131	0	0	0	16	529	541	6	0	0	0	0	0	0	0	1	59	
10:29:38.279	21	0.008691453404152583	30	14	286	91	0	0	1543	30	0	0	230	230	0	0	0	30	689	112	9	0	0	99	99	0	0	0	14	160	
10:29:39.279	22	0.010140028971511348	30	0	472	186	0	0	1543	30	0	0	508	508	0	0	0	30	689	0	0	0	0	278	278	0	0	0	0	0	
10:29:40.280	23	0.01158860453887011	30	0	496	24	0	0	1543	30	0	0	543	543	0	0	0	30	689	0	0	0	0	35	35	0	0	0	0	0	
10:29:41.279	24	0.01158860453887011	30	0	496	0	0	0	1543	30	0	0	543	543	0	0	0	30	689	0	0	0	0	0	0	0	0	0	0	0	
10:29:42.280	25	0.00975800156128025	31	1	509	13	0	0	2160	35	0	0	543	543	0	0	0	31	733	617	5	0	0	0	0	0	0	0	1	44	
10:29:43.280	26	0.01873536299765808	53	22	650	141	0	0	2429	56	0	0	714	714	0	0	0	53	932	269	21	0	0	171	171	0	0	0	22	199	
10:29:44.279	27	0.02146760343481655	56	3	1026	376	0	0	2429	56	0	0	1556	1556	0	0	0	56	932	0	0	0	0	842	842	0	0	0	3	0	
10:29:45.279	28	0.02419984387197502	56	0	1196	170	0	0	2429	56	0	0	1921	1921	0	0	0	56	932	0	0	0	0	365	365	0	0	0	0	0	
10:29:46.279	29	0.02419984387197502	56	0	1196	0	0	0	2429	56	0	0	1921	1921	0	0	0	56	932	0	0	0	0	0	0	0	0	0	0	0	
10:29:47.279	30	0.018985270049099837	56	0	1202	6	0	0	3118	59	0	0	1921	1921	0	0	0	56	938	689	3	0	0	0	0	0	0	0	0	6	
10:29:48.279	31	0.03502454991816694	87	31	1390	188	0	0	3525	97	0	0	2094	2094	0	0	0	87	1167	407	38	0	0	173	173	0	0	0	31	229	
10:29:49.279	32	0.044844517184942714	99	12	1989	599	0	0	3525	99	0	0	4012	4012	0	0	0	99	1182	0	2	0	0	1918	1918	0	0	0	12	15	
10:29:50.279	33	0.06939443535188217	99	0	2622	633	0	0	3525	99	0	0	5904	5904	0	0	0	99	1182	0	0	0	0	1892	1892	0	0	0	0	0	
10:29:51.279	34	0.07823240589198036	99	0	2720	98	0	0	3525	99	0	0	6059	6059	0	0	0	99	1182	0	0	0	0	155	155	0	0	0	0	0	
10:29:52.279	35	0.061628555493586167	99	0	2726	6	0	0	4207	102	0	0	6059	6059	0	0	0	99	1184	682	3	0	0	0	0	0	0	0	0	2	
10:29:53.280	36	0.07668711656441718	132	33	2940	214	0	0	4734	142	0	0	6320	6320	0	0	0	132	1400	527	40	0	0	261	261	0	0	0	33	216	
10:29:54.280	37	0.09258226436140547	154	22	3630	690	0	0	4744	154	0	0	9431	9431	0	0	0	154	1427	10	12	0	0	3111	3111	0	0	0	22	27	
10:29:55.281	38	0.11572783045175683	154	0	4621	991	0	0	4744	154	0	0	13536	13536	0	0	0	154	1427	0	0	0	0	4105	4105	0	0	0	0	0	
10:29:56.280	39	0.12994980479643056	154	0	4852	231	0	0	4744	154	0	0	14329	14329	0	0	0	154	1427	0	0	0	0	793	793	0	0	0	0	0	
10:29:57.280	40	0.10873266845049866	154	0	4858	6	0	0	5389	156	0	0	14343	14343	0	0	0	154	1428	645	2	0	0	14	14	0	0	0	0	1	
10:29:58.280	41	0.12576015567988325	192	38	5114	256	0	0	5992	209	0	0	14615	14615	0	0	0	192	1590	603	53	0	0	272	272	0	0	0	38	162	
10:29:59.280	42	0.144003891997081	229	37	6010	896	0	0	6033	230	0	0	19316	19316	0	0	0	229	1646	41	21	0	0	4701	4701	0	0	0	37	56	
10:30:00.280	43	0.17684261736803697	230	1	7664	1654	0	0	6033	230	0	0	28417	28417	0	0	0	230	1646	0	0	0	0	9101	9101	0	0	0	1	0	
10:30:01.280	44	0.20116759912430066	230	0	8322	658	0	0	6033	230	0	0	31368	31368	0	0	0	230	1646	0	0	0	0	2951	2951	0	0	0	0	0	
10:30:02.280	45	0.16257536606373815	230	0	8358	36	0	0	6606	230	0	0	31506	31506	0	0	0	230	1646	573	0	0	0	138	138	0	0	0	0	0	
10:30:03.281	46	0.18023255813953487	270	40	8612	254	0	0	7240	287	0	0	31711	31711	0	0	0	270	1777	634	57	0	0	205	205	0	0	0	40	131	
10:30:04.280	47	0.19745908699397072	310	40	9722	1110	0	0	7295	311	0	0	37533	37533	0	0	0	310	1834	55	24	0	0	5822	5822	0	0	0	40	57	
10:30:05.280	48	0.2368647717484927	311	1	11887	2165	0	0	7295	311	0	0	50319	50319	0	0	0	311	1834	0	0	0	0	12786	12786	0	0	0	1	0	
10:30:06.280	49	0.28165374677002586	311	0	13076	1189	0	0	7295	311	0	0	56126	56126	0	0	0	311	1834	0	0	0	0	5807	5807	0	0	0	0	0	
10:30:07.280	50	0.2382789890025082	311	0	13170	94	0	0	7794	311	0	0	56477	56477	0	0	0	311	1834	499	0	0	0	351	351	0	0	0	0	0	
10:30:08.280	51	0.2498552961605248	336	25	13352	182	0	0	8376	357	0	0	56611	56611	0	0	0	336	1919	582	46	0	0	134	134	0	0	0	25	85	
10:30:09.280	52	0.2726220335712908	398	62	14263	911	0	0	8460	400	0	0	62065	62065	0	0	0	398	1980	84	43	0	0	5454	5454	0	0	0	62	61	
10:30:10.280	53	0.30194867837159944	401	3	16378	2115	0	0	8460	401	0	0	79240	79240	0	0	0	401	1982	0	1	0	0	17175	17175	0	0	0	3	2	
10:30:11.280	54	0.35249855296160526	401	0	18139	1761	0	0	8460	401	0	0	90933	90933	0	0	0	401	1982	0	0	0	0	11693	11693	0	0	0	0	0	
10:30:12.280	55	0.3633031063090874	401	0	18433	294	0	0	8765	401	0	0	92273	92273	0	0	0	401	1982	305	0	0	0	1340	1340	0	0	0	0	0	
10:30:13.280	56	0.3688983214354621	417	16	18530	97	0	0	9151	427	0	0	92297	92297	0	0	0	417	2032	386	26	0	0	24	24	0	0	0	16	50	
10:30:14.280	57	0.3849122130040517	457	40	19058	528	0	0	9204	461	0	0	95450	95450	0	0	0	457	2069	53	34	0	0	3153	3153	0	0	0	40	37	
10:30:15.280	58	0.40767895041481766	462	5	20357	1299	0	0	9204	462	0	0	108062	108062	0	0	0	462	2069	0	1	0	0	12612	12612	0	0	0	5	0	
10:30:16.280	59	0.4516689176152807	462	0	21626	1269	0	0	9204	462	0	0	118402	118402	0	0	0	462	2069	0	0	0	0	10340	10340	0	0	0	0	0	
10:30:17.280	60	0.464402855489099	462	0	21955	329	0	0	9380	462	0	0	120227	120227	0	0	0	462	2069	176	0	0	0	1825	1825	0	0	0	0	0	
10:30:18.280	61	0.46961219371020646	474	12	22040	85	0	0	9611	482	0	0	120338	120338	0	0	0	474	2096	231	20	0	0	111	111	0	0	0	12	27	
10:30:19.280	62	0.4829249469419255	501	27	22386	346	0	0	9643	503	0	0	122389	122389	0	0	0	501	2113	32	21	0	0	2051	2051	0	0	0	27	17	
10:30:20.280	63	0.4979741462473471	505	4	23191	805	0	0	9643	505	0	0	130826	130826	0	0	0	505	2113	0	2	0	0	8437	8437	0	0	0	4	0	
10:30:21.281	64	0.5315454370055952	505	0	23894	703	0	0	9643	505	0	0	139553	139553	0	0	0	505	2113	0	0	0	0	8727	8727	0	0	0	0	0	
10:30:22.280	65	0.546015820953116	505	0	24132	238	0	0	9732	505	0	0	141764	141764	0	0	0	505	2113	89	0	0	0	2211	2211	0	0	0	0	0	
10:30:23.280	66	0.5498745900057882	508	3	24185	53	0	0	9865	517	0	0	141872	141872	0	0	0	508	2117	133	12	0	0	108	108	0	0	0	3	4	
10:30:24.280	67	0.5589426972795678	528	20	24389	204	0	0	9876	529	0	0	142680	142680	0	0	0	528	2133	11	12	0	0	808	808	0	0	0	20	16	
10:30:25.280	68	0.5689754968165155	529	1	24796	407	0	0	9876	529	0	0	146673	146673	0	0	0	529	2133	0	0	0	0	3993	3993	0	0	0	1	0	
10:30:26.281	69	0.586532896006174	529	0	25116	320	0	0	9876	529	0	0	152656	152656	0	0	0	529	2133	0	0	0	0	5983	5983	0	0	0	0	0	
10:30:27.280	70	0.5923210495851823	529	0	25194	78	0	0	9916	529	0	0	154460	154460	0	0	0	529	2133	40	0	0	0	1804	1804	0	0	0	0	0	
10:30:28.280	71	0.5930928033957168	529	0	25203	9	0	0	9979	531	0	0	154532	154532	0	0	0	529	2133	63	2	0	0	72	72	0	0	0	0	0	
10:30:29.280	72	0.5994597723326259	544	15	25296	93	0	0	9989	544	0	0	154751	154751	0	0	0	544	2138	10	13	0	0	219	219	0	0	0	15	5	
10:30:30.280	73	0.6054408643642678	544	0	25509	213	0	0	9989	544	0	0	156611	156611	0	0	0	544	2138	0	0	0	0	1860	1860	0	0	0	0	0	
10:30:31.280	74	0.6143160331854138	544	0	25676	167	0	0	9989	544	0	0	160052	160052	0	0	0	544	2138	0	0	0	0	3441	3441	0	0	0	0	0	
10:30:32.280	75	0.6201041867644221	544	0	25751	75	0	0	9999	544	0	0	162451	162451	0	0	0	544	2138	10	0	0	0	2399	2399	0	0	0	0	0	
10:30:33.280	76	0.6216476943854911	544	0	25767	16	0	0	10013	545	0	0	162669	162669	0	0	0	544	2138	14	1	0	0	218	218	0	0	0	0	0	
10:30:34.280	77	0.6239629558170944	549	5	25794	27	0	0	10016	549	0	0	162768	162768	0	0	0	549	2138	3	4	0	0	99	99	0	0	0	5	0	
10:30:35.280	78	0.6272429095118657	549	0	25861	67	0	0	10016	549	0	0	163310	163310	0	0	0	549	2138	0	0	0	0	542	542	0	0	0	0	0	
10:30:36.281	79	0.6311016785645379	549	0	25904	43	0	0	10016	549	0	0	164374	164374	0	0	0	549	2138	0	0	0	0	1064	1064	0	0	0	0	0	
10:30:37.281	80	0.6324522477329731	549	0	25918	14	0	0	10016	549	0	0	165270	165270	0	0	0	549	2138	0	0	0	0	896	896	0	0	0	0	0	
10:30:38.280	81	0.6328381246382404	549	0	25922	4	0	0	10016	549	0	0	165405	165405	0	0	0	549	2138	0	0	0	0	135	135	0	0	0	0	0	
10:30:39.280	82	0.6328381246382404	549	0	25922	0	0	0	10016	549	0	0	165410	165410	0	0	0	549	2138	0	0	0	0	5	5	0	0	0	0	0	
10:30:40.280	83	0.6328381246382404	549	0	25922	0	0	0	10016	549	0	0	165410	165410	0	0	0	549	2138	0	0	0	0	0	0	0	0	0	0	0	
10:30:41.280	84	0.6328381246382404	549	0	25922	0	0	0	10016	549	0	0	165410	165410	0	0	0	549	2138	0	0	0	0	0	0	0	0	0	0	0	
10:30:42.280	85	0.6328381246382404	549	0	25922	0	0	0	10016	549	0	0	165410	165410	0	0	0	549	2138	0	0	0	0	0	0	0	0	0	0	0	
10:30:43.281	86	0.6328381246382404	549	0	25922	0	0	0	10016	549	0	0	165410	165410	0	0	0	549	2138	0	0	0	0	0	0	0	0	0	0	0	
10:30:44.280	87	0.6328381246382404	549	0	25922	0	0	0	10016	549	0	0	165410	165410	0	0	0	549	2138	0	0	0	0	0	0	0	0	0	0	0	
10:30:45.280	88	0.6328381246382404	549	0	25922	0	0	0	10016	549	0	0	165410	165410	0	0	0	549	2138	0	0	0	0	0	0	0	0	0	0	0	
10:30:46.280	89	0.6328381246382404	549	0	25922	0	0	0	10016	549	0	0	165410	165410	0	0	0	549	2138	0	0	0	0	0	0	0	0	0	0	0	
10:30:47.281	90	0.6328381246382404	549	0	25922	0	0	0	10016	549	0	0	165410	165410	0	0	0	549	2138	0	0	0	0	0	0	0	0	0	0	0	
10:30:48.282	91	0.6328381246382404	549	0	25922	0	0	0	10016	549	0	0	165410	165410	0	0	0	549	2138	0	0	0	0	0	0	0	0	0	0	0	
10:30:49.282	92	0.6328381246382404	549	0	25922	0	0	0	10016	549	0	0	165410	165410	0	0	0	549	2138	0	0	0	0	0	0	0	0	0	0	0	
10:30:50.283	93	0.6328381246382404	549	0	25922	0	0	0	10016	549	0	0	165410	165410	0	0	0	549	2138	0	0	0	0	0	0	0	0	0	0	0	
10:30:51.283	94	0.6328381246382404	549	0	25922	0	0	0	10016	549	0	0	165410	165410	0	0	0	549	2138	0	0	0	0	0	0	0	0	0	0	0	
10:30:52.283	95	0.6328381246382404	549	0	25922	0	0	0	10016	549	0	0	165410	165410	0	0	0	549	2138	0	0	0	0	0	0	0	0	0	0	0	
10:30:53.282	96	0.6328381246382404	549	0	25922	0	0	0	10016	549	0	0	165410	165410	0	0	0	549	2138	0	0	0	0	0	0	0	0	0	0	0	
10:30:54.282	97	0.6328381246382404	549	0	25922	0	0	0	10016	549	0	0	165410	165410	0	0	0	549	2138	0	0	0	0	0	0	0	0	0	0	0	
10:30:55.282	98	0.6328381246382404	549	0	25922	0	0	0	10016	549	0	0	165410	165410	0	0	0	549	2138	0	0	0	0	0	0	0	0	0	0	0	
10:30:56.282	99	0.6328381246382404	549	0	25922	0	0	0	10016	549	0	0	165410	165410	0	0	0	549	2138	0	0	0	0	0	0	0	0	0	0	0	
10:30:57.282	100	0.6328381246382404	549	0	25922	0	0	0	10016	549	0	0	165410	165410	0	0	0	549	2138	0	0	0	0	0	0	0	0	0	0	0	
10:30:58.283	101	0.6328381246382404	549	0	25922	0	0	0	10016	549	0	0	165410	165410	0	0	0	549	2138	0	0	0	0	0	0	0	0	0	0	0	
10:30:59.283	102	0.6328381246382404	549	0	25922	0	0	0	10016	549	0	0	165410	165410	0	0	0	549	2138	0	0	0	0	0	0	0	0	0	0	0	
10:31:00.282	103	0.6328381246382404	549	0	25922	0	0	0	10016	549	0	0	165410	165410	0	0	0	549	2138	0	0	0	0	0	0	0	0	0	0	0	
10:31:01.282	104	0.6328381246382404	549	0	25922	0	0	0	10016	549	0	0	165410	165410	0	0	0	549	2138	0	0	0	0	0	0	0	0	0	0	0	
10:31:02.282	105	0.6328381246382404	549	0	25922	0	0	0	10016	549	0	0	165410	165410	0	0	0	549	2138	0	0	0	0	0	0	0	0	0	0	0	
10:31:03.282	106	0.6328381246382404	549	0	25922	0	0	0	10016	549	0	0	165410	165410	0	0	0	549	2138	0	0	0	0	0	0	0	0	0	0	0	
10:31:04.282	107	0.6328381246382404	549	0	25922	0	0	0	10016	549	0	0	165410	165410	0	0	0	549	2138	0	0	0	0	0	0	0	0	0	0	0	
10:31:05.282	108	0.6328381246382404	549	0	25922	0	0	0	10016	549	0	0	165410	165410	0	0	0	549	2138	0	0	0	0	0	0	0	0	0	0	0	
10:31:06.282	109	0.6328381246382404	549	0	25922	0	0	0	10016	549	0	0	165410	165410	0	0	0	549	2138	0	0	0	0	0	0	0	0	0	0	0	
10:31:07.282	110	0.6328381246382404	549	0	25922	0	0	0	10016	549	0	0	165410	165410	0	0	0	549	2138	0	0	0	0	0	0	0	0	0	0	0	
10:31:08.282	111	0.6328381246382404	549	0	25922	0	0	0	10016	549	0	0	165410	165410	0	0	0	549	2138	0	0	0	0	0	0	0	0	0	0	0	
10:31:09.282	112	0.6328381246382404	549	0	25922	0	0	0	10016	549	0	0	165410	165410	0	0	0	549	2138	0	0	0	0	0	0	0	0	0	0	0	
10:31:10.282	113	0.6328381246382404	549	0	25922	0	0	0	10016	549	0	0	165410	165410	0	0	0	549	2138	0	0	0	0	0	0	0	0	0	0	0	
10:31:11.282	114	0.6328381246382404	549	0	25922	0	0	0	10016	549	0	0	165410	165410	0	0	0	549	2138	0	0	0	0	0	0	0	0	0	0	0	
10:31:12.282	115	0.6328381246382404	549	0	25922	0	0	0	10016	549	0	0	165410	165410	0	0	0	549	2138	0	0	0	0	0	0	0	0	0	0	0	
10:31:13.282	116	0.6328381246382404	549	0	25922	0	0	0	10016	549	0	0	165410	165410	0	0	0	549	2138	0	0	0	0	0	0	0	0	0	0	0	
10:31:14.282	117	0.6328381246382404	549	0	25922	0	0	0	10016	549	0	0	165410	165410	0	0	0	549	2138	0	0	0	0	0	0	0	0	0	0	0	
10:31:15.282	118	0.6328381246382404	549	0	25922	0	0	0	10016	549	0	0	165410	165410	0	0	0	549	2138	0	0	0	0	0	0	0	0	0	0	0	
10:31:16.282	119	0.6328381246382404	549	0	25922	0	0	0	10016	549	0	0	165410	165410	0	0	0	549	2138	0	0	0	0	0	0	0	0	0	0	0	
10:31:17.282	120	0.6328381246382404	549	0	25922	0	0	0	10016	549	0	0	165410	165410	0	0	0	549	2138	0	0	0	0	0	0	0	0	0	0	0	
10:31:18.282	121	0.6328381246382404	549	0	25922	0	0	0	10016	549	0	0	165410	165410	0	0	0	549	2138	0	0	0	0	0	0	0	0	0	0	0	
10:31:19.282	122	0.6328381246382404	549	0	25922	0	0	0	10016	549	0	0	165410	165410	0	0	0	549	2138	0	0	0	0	0	0	0	0	0	0	0	
10:31:20.282	123	0.6328381246382404	549	0	25922	0	0	0	10016	549	0	0	165410	165410	0	0	0	549	2138	0	0	0	0	0	0	0	0	0	0	0	
10:31:21.282	124	0.6328381246382404	549	0	25922	0	0	0	10016	549	0	0	165410	165410	0	0	0	549	2138	0	0	0	0	0	0	0	0	0	0	0	
10:31:22.282	125	0.6328381246382404	549	0	25922	0	0	0	10016	549	0	0	165410	165410	0	0	0	549	2138	0	0	0	0	0	0	0	0	0	0	0	
10:31:23.282	126	0.6328381246382404	549	0	25922	0	0	0	10016	549	0	0	165410	165410	0	0	0	549	2138	0	0	0	0	0	0	0	0	0	0	0	
10:31:24.282	127	0.6328381246382404	549	0	25922	0	0	0	10016	549	0	0	165410	165410	0	0	0	549	2138	0	0	0	0	0	0	0	0	0	0	0	
10:31:25.282	128	0.6328381246382404	549	0	25922	0	0	0	10016	549	0	0	165410	165410	0	0	0	549	2138	0	0	0	0	0	0	0	0	0	0	0	
10:31:26.282	129	0.6328381246382404	549	0	25922	0	0	0	10016	549	0	0	165410	165410	0	0	0	549	2138	0	0	0	0	0	0	0	0	0	0	0	
10:31:27.282	130	0.6328381246382404	549	0	25922	0	0	0	10016	549	0	0	165410	165410	0	0	0	549	2138	0	0	0	0	0	0	0	0	0	0	0	
10:31:28.282	131	0.6328381246382404	549	0	25922	0	0	0	10016	549	0	0	165410	165410	0	0	0	549	2138	0	0	0	0	0	0	0	0	0	0	0	
10:31:29.282	132	0.6328381246382404	549	0	25922	0	0	0	10016	549	0	0	165410	165410	0	0	0	549	2138	0	0	0	0	0	0	0	0	0	0	0	
10:31:30.282	133	0.6328381246382404	549	0	25922	0	0	0	10016	549	0	0	165410	165410	0	0	0	549	2138	0	0	0	0	0	0	0	0	0	0	0	
10:31:31.282	134	0.6328381246382404	549	0	25922	0	0	0	10016	549	0	0	165410	165410	0	0	0	549	2138	0	0	0	0	0	0	0	0	0	0	0	
10:31:32.283	135	0.6328381246382404	549	0	25922	0	0	0	10016	549	0	0	165410	165410	0	0	0	549	2138	0	0	0	0	0	0	0	0	0	0	0	
10:31:33.283	136	0.6328381246382404	549	0	25922	0	0	0	10016	549	0	0	165410	165410	0	0	0	549	2138	0	0	0	0	0	0	0	0	0	0	0	
10:31:34.283	137	0.6328381246382404	549	0	25922	0	0	0	10016	549	0	0	165410	165410	0	0	0	549	2138	0	0	0	0	0	0	0	0	0	0	0	
10:31:35.282	138	0.6328381246382404	549	0	25922	0	0	0	10016	549	0	0	165410	165410	0	0	0	549	2138	0	0	0	0	0	0	0	0	0	0	0	
10:31:36.282	139	0.6328381246382404	549	0	25922	0	0	0	10016	549	0	0	165410	165410	0	0	0	549	2138	0	0	0	0	0	0	0	0	0	0	0	
10:31:37.282	140	0.6328381246382404	549	0	25922	0	0	0	10016	549	0	0	165410	165410	0	0	0	549	2138	0	0	0	0	0	0	0	0	0	0	0	
10:31:38.282	141	0.6328381246382404	549	0	25922	0	0	0	10016	549	0	0	165410	165410	0	0	0	549	2138	0	0	0	0	0	0	0	0	0	0	0	
10:31:39.282	142	0.6328381246382404	549	0	25922	0	0	0	10016	549	0	0	165410	165410	0	0	0	549	2138	0	0	0	0	0	0	0	0	0	0	0	
10:31:40.282	143	0.6328381246382404	549	0	25922	0	0	0	10016	549	0	0	165410	165410	0	0	0	549	2138	0	0	0	0	0	0	0	0	0	0	0	
10:31:41.282	144	0.6328381246382404	549	0	25922	0	0	0	10016	549	0	0	165410	165410	0	0	0	549	2138	0	0	0	0	0	0	0	0	0	0	0	
10:31:42.282	145	0.6328381246382404	549	0	25922	0	0	0	10016	549	0	0	165410	165410	0	0	0	549	2138	0	0	0	0	0	0	0	0	0	0	0	
10:31:43.282	146	0.6328381246382404	549	0	25922	0	0	0	10016	549	0	0	165410	165410	0	0	0	549	2138	0	0	0	0	0	0	0	0	0	0	0	
10:31:44.282	147	0.6328381246382404	549	0	25922	0	0	0	10016	549	0	0	165410	165410	0	0	0	549	2138	0	0	0	0	0	0	0	0	0	0	0	
10:31:45.282	148	0.6328381246382404	549	0	25922	0	0	0	10016	549	0	0	165410	165410	0	0	0	549	2138	0	0	0	0	0	0	0	0	0	0	0	
10:31:46.282	149	0.6328381246382404	549	0	25922	0	0	0	10016	549	0	0	165410	165410	0	0	0	549	2138	0	0	0	0	0	0	0	0	0	0	0	
10:31:47.282	150	0.6328381246382404	549	0	25922	0	0	0	10016	549	0	0	165410	165410	0	0	0	549	2138	0	0	0	0	0	0	0	0	0	0	0	
10:31:48.283	151	0.6328381246382404	549	0	25922	0	0	0	10016	549	0	0	165410	165410	0	0	0	549	2138	0	0	0	0	0	0	0	0	0	0	0	
10:31:49.283	152	0.6328381246382404	549	0	25922	0	0	0	10016	549	0	0	165410	165410	0	0	0	549	2138	0	0	0	0	0	0	0	0	0	0	0	
10:31:50.284	153	0.6328381246382404	549	0	25922	0	0	0	10016	549	0	0	165410	165410	0	0	0	549	2138	0	0	0	0	0	0	0	0	0	0	0	
10:31:51.283	154	0.6328381246382404	549	0	25922	0	0	0	10016	549	0	0	165410	165410	0	0	0	549	2138	0	0	0	0	0	0	0	0	0	0	0	
10:31:52.283	155	0.6328381246382404	549	0	25922	0	0	0	10016	549	0	0	165410	165410	0	0	0	549	2138	0	0	0	0	0	0	0	0	0	0	0	
10:31:53.284	156	0.6328381246382404	549	0	25922	0	0	0	10016	549	0	0	165410	165410	0	0	0	549	2138	0	0	0	0	0	0	0	0	0	0	0	
10:31:54.284	157	0.6328381246382404	549	0	25922	0	0	0	10016	549	0	0	165410	165410	0	0	0	549	2138	0	0	0	0	0	0	0	0	0	0	0	
10:31:55.284	158	0.6328381246382404	549	0	25922	0	0	0	10016	549	0	0	165410	165410	0	0	0	549	2138	0	0	0	0	0	0	0	0	0	0	0	
10:31:56.284	159	0.6328381246382404	549	0	25922	0	0	0	10016	549	0	0	165410	165410	0	0	0	549	2138	0	0	0	0	0	0	0	0	0	0	0	
10:31:57.284	160	0.6328381246382404	549	0	25922	0	0	0	10016	549	0	0	165410	165410	0	0	0	549	2138	0	0	0	0	0	0	0	0	0	0	0	
10:31:58.284	161	0.6328381246382404	549	0	25922	0	0	0	10016	549	0	0	165410	165410	0	0	0	549	2138	0	0	0	0	0	0	0	0	0	0	0	
10:31:59.284	162	0.6328381246382404	549	0	25922	0	0	0	10016	549	0	0	165410	165410	0	0	0	549	2138	0	0	0	0	0	0	0	0	0	0	0	
10:32:00.285	163	0.6328381246382404	549	0	25922	0	0	0	10016	549	0	0	165410	165410	0	0	0	549	2138	0	0	0	0	0	0	0	0	0	0	0	
10:32:01.285	164	0.6328381246382404	549	0	25922	0	0	0	10016	549	0	0	165410	165410	0	0	0	549	2138	0	0	0	0	0	0	0	0	0	0	0	
10:32:02.285	165	0.6328381246382404	549	0	25922	0	0	0	10016	549	0	0	165410	165410	0	0	0	549	2138	0	0	0	0	0	0	0	0	0	0	0	
10:32:03.286	166	0.6328381246382404	549	0	25922	0	0	0	10016	549	0	0	165410	165410	0	0	0	549	2138	0	0	0	0	0	0	0	0	0	0	0	
10:32:04.286	167	0.6328381246382404	549	0	25922	0	0	0	10016	549	0	0	165410	165410	0	0	0	549	2138	0	0	0	0	0	0	0	0	0	0	0	
10:32:05.286	168	0.6328381246382404	549	0	25922	0	0	0	10016	549	0	0	165410	165410	0	0	0	549	2138	0	0	0	0	0	0	0	0	0	0	0	
10:32:06.286	169	0.6328381246382404	549	0	25922	0	0	0	10016	549	0	0	165410	165410	0	0	0	549	2138	0	0	0	0	0	0	0	0	0	0	0	
10:32:07.286	170	0.6328381246382404	549	0	25922	0	0	0	10016	549	0	0	165410	165410	0	0	0	549	2138	0	0	0	0	0	0	0	0	0	0	0	
10:32:08.286	171	0.6328381246382404	549	0	25922	0	0	0	10016	549	0	0	165410	165410	0	0	0	549	2138	0	0	0	0	0	0	0	0	0	0	0	
10:32:09.286	172	0.6328381246382404	549	0	25922	0	0	0	10016	549	0	0	165410	165410	0	0	0	549	2138	0	0	0	0	0	0	0	0	0	0	0	
10:32:10.286	173	0.6328381246382404	549	0	25922	0	0	0	10016	549	0	0	165410	165410	0	0	0	549	2138	0	0	0	0	0	0	0	0	0	0	0	
10:32:11.286	174	0.6328381246382404	549	0	25922	0	0	0	10016	549	0	0	165410	165410	0	0	0	549	2138	0	0	0	0	0	0	0	0	0	0	0	
10:32:12.286	175	0.6328381246382404	549	0	25922	0	0	0	10016	549	0	0	165410	165410	0	0	0	549	2138	0	0	0	0	0	0	0	0	0	0	0	
10:32:13.286	176	0.6328381246382404	549	0	25922	0	0	0	10016	549	0	0	165410	165410	0	0	0	549	2138	0	0	0	0	0	0	0	0	0	0	0	
10:32:14.287	177	0.6328381246382404	549	0	25922	0	0	0	10016	549	0	0	165410	165410	0	0	0	549	2138	0	0	0	0	0	0	0	0	0	0	0	
10:32:15.287	178	0.6328381246382404	549	0	25922	0	0	0	10016	549	0	0	165410	165410	0	0	0	549	2138	0	0	0	0	0	0	0	0	0	0	0	
10:32:16.287	179	0.6328381246382404	549	0	25922	0	0	0	10016	549	0	0	165410	165410	0	0	0	549	2138	0	0	0	0	0	0	0	0	0	0	0	
10:32:17.288	180	0.6328381246382404	549	0	25922	0	0	0	10016	549	0	0	165410	165410	0	0	0	549	2138	0	0	0	0	0	0	0	0	0	0	0	
10:32:18.289	181	0.6328381246382404	549	0	25922	0	0	0	10016	549	0	0	165410	165410	0	0	0	549	2138	0	0	0	0	0	0	0	0	0	0	0	
10:32:19.289	182	0.6328381246382404	549	0	25922	0	0	0	10016	549	0	0	165410	165410	0	0	0	549	2138	0	0	0	0	0	0	0	0	0	0	0	
10:32:20.289	183	0.6328381246382404	549	0	25922	0	0	0	10016	549	0	0	165410	165410	0	0	0	549	2138	0	0	0	0	0	0	0	0	0	0	0	
10:32:21.290	184	0.6328381246382404	549	0	25922	0	0	0	10016	549	0	0	165410	165410	0	0	0	549	2138	0	0	0	0	0	0	0	0	0	0	0	
10:32:22.290	185	0.6328381246382404	549	0	25922	0	0	0	10016	549	0	0	165410	165410	0	0	0	549	2138	0	0	0	0	0	0	0	0	0	0	0	
10:32:23.290	186	0.6328381246382404	549	0	25922	0	0	0	10016	549	0	0	165410	165410	0	0	0	549	2138	0	0	0	0	0	0	0	0	0	0	0	
10:32:24.290	187	0.6328381246382404	549	0	25922	0	0	0	10016	549	0	0	165410	165410	0	0	0	549	2138	0	0	0	0	0	0	0	0	0	0	0	
10:32:25.291	188	0.6328381246382404	549	0	25922	0	0	0	10016	549	0	0	165410	165410	0	0	0	549	2138	0	0	0	0	0	0	0	0	0	0	0	
10:32:26.291	189	0.6328381246382404	549	0	25922	0	0	0	10016	549	0	0	165410	165410	0	0	0	549	2138	0	0	0	0	0	0	0	0	0	0	0	
10:32:27.291	190	0.6328381246382404	549	0	25922	0	0	0	10016	549	0	0	165410	165410	0	0	0	549	2138	0	0	0	0	0	0	0	0	0	0	0	
10:32:28.290	191	0.6328381246382404	549	0	25922	0	0	0	10016	549	0	0	165410	165410	0	0	0	549	2138	0	0	0	0	0	0	0	0	0	0	0	
10:32:29.291	192	0.6328381246382404	549	0	25922	0	0	0	10016	549	0	0	165410	165410	0	0	0	549	2138	0	0	0	0	0	0	0	0	0	0	0	
10:32:30.290	193	0.6328381246382404	549	0	25922	0	0	0	10016	549	0	0	165410	165410	0	0	0	549	2138	0	0	0	0	0	0	0	0	0	0	0	
10:32:31.290	194	0.6328381246382404	549	0	25922	0	0	0	10016	549	0	0	165410	165410	0	0	0	549	2138	0	0	0	0	0	0	0	0	0	0	0	
10:32:32.290	195	0.6328381246382404	549	0	25922	0	0	0	10016	549	0	0	165410	165410	0	0	0	549	2138	0	0	0	0	0	0	0	0	0	0	0	
10:32:33.290	196	0.6328381246382404	549	0	25922	0	0	0	10016	549	0	0	165410	165410	0	0	0	549	2138	0	0	0	0	0	0	0	0	0	0	0	
10:32:34.290	197	0.6328381246382404	549	0	25922	0	0	0	10016	549	0	0	165410	165410	0	0	0	549	2138	0	0	0	0	0	0	0	0	0	0	0	
10:32:35.290	198	0.6328381246382404	549	0	25922	0	0	0	10016	549	0	0	165410	165410	0	0	0	549	2138	0	0	0	0	0	0	0	0	0	0	0	
10:32:36.291	199	0.6328381246382404	549	0	25922	0	0	0	10016	549	0	0	165410	165410	0	0	0	549	2138	0	0	0	0	0	0	0	0	0	0	0	
10:32:37.291	200	0.6328381246382404	549	0	25922	0	0	0	10016	549	0	0	165410	165410	0	0	0	549	2138	0	0	0	0	0	0	0	0	0	0	0	
10:32:38.291	201	0.6328381246382404	549	0	25922	0	0	0	10016	549	0	0	165410	165410	0	0	0	549	2138	0	0	0	0	0	0	0	0	0	0	0	
10:32:39.291	202	0.6328381246382404	549	0	25922	0	0	0	10016	549	0	0	165410	165410	0	0	0	549	2138	0	0	0	0	0	0	0	0	0	0	0	
10:32:40.292	203	0.6328381246382404	549	0	25922	0	0	0	10016	549	0	0	165410	165410	0	0	0	549	2138	0	0	0	0	0	0	0	0	0	0	0	
10:32:41.291	204	0.6328381246382404	549	0	25922	0	0	0	10016	549	0	0	165410	165410	0	0	0	549	2138	0	0	0	0	0	0	0	0	0	0	0	
10:32:42.292	205	0.6328381246382404	549	0	25922	0	0	0	10016	549	0	0	165410	165410	0	0	0	549	2138	0	0	0	0	0	0	0	0	0	0	0	
10:32:43.292	206	0.6328381246382404	549	0	25922	0	0	0	10016	549	0	0	165410	165410	0	0	0	549	2138	0	0	0	0	0	0	0	0	0	0	0	
10:32:44.293	207	0.6328381246382404	549	0	25922	0	0	0	10016	549	0	0	165410	165410	0	0	0	549	2138	0	0	0	0	0	0	0	0	0	0	0	
10:32:45.293	208	0.6328381246382404	549	0	25922	0	0	0	10016	549	0	0	165410	165410	0	0	0	549	2138	0	0	0	0	0	0	0	0	0	0	0	
10:32:46.293	209	0.6328381246382404	549	0	25922	0	0	0	10016	549	0	0	165410	165410	0	0	0	549	2138	0	0	0	0	0	0	0	0	0	0	0	
10:32:47.293	210	0.6328381246382404	549	0	25922	0	0	0	10016	549	0	0	165410	165410	0	0	0	549	2138	0	0	0	0	0	0	0	0	0	0	0	
10:32:48.293	211	0.6328381246382404	549	0	25922	0	0	0	10016	549	0	0	165410	165410	0	0	0	549	2138	0	0	0	0	0	0	0	0	0	0	0	
10:32:49.293	212	0.6328381246382404	549	0	25922	0	0	0	10016	549	0	0	165410	165410	0	0	0	549	2138	0	0	0	0	0	0	0	0	0	0	0	
10:32:50.294	213	0.6328381246382404	549	0	25922	0	0	0	10016	549	0	0	165410	165410	0	0	0	549	2138	0	0	0	0	0	0	0	0	0	0	0	
10:32:51.295	214	0.6328381246382404	549	0	25922	0	0	0	10016	549	0	0	165410	165410	0	0	0	549	2138	0	0	0	0	0	0	0	0	0	0	0	
10:32:52.295	215	0.6328381246382404	549	0	25922	0	0	0	10016	549	0	0	165410	165410	0	0	0	549	2138	0	0	0	0	0	0	0	0	0	0	0	
10:32:53.295	216	0.6328381246382404	549	0	25922	0	0	0	10016	549	0	0	165410	165410	0	0	0	549	2138	0	0	0	0	0	0	0	0	0	0	0	
10:32:54.295	217	0.6328381246382404	549	0	25922	0	0	0	10016	549	0	0	165410	165410	0	0	0	549	2138	0	0	0	0	0	0	0	0	0	0	0	
10:32:55.296	218	0.6328381246382404	549	0	25922	0	0	0	10016	549	0	0	165410	165410	0	0	0	549	2138	0	0	0	0	0	0	0	0	0	0	0	
10:32:56.296	219	0.6328381246382404	549	0	25922	0	0	0	10016	549	0	0	165410	165410	0	0	0	549	2138	0	0	0	0	0	0	0	0	0	0	0	
10:32:57.295	220	0.6328381246382404	549	0	25922	0	0	0	10016	549	0	0	165410	165410	0	0	0	549	2138	0	0	0	0	0	0	0	0	0	0	0	
10:32:58.295	221	0.6328381246382404	549	0	25922	0	0	0	10016	549	0	0	165410	165410	0	0	0	549	2138	0	0	0	0	0	0	0	0	0	0	0	
10:32:59.295	222	0.6328381246382404	549	0	25922	0	0	0	10016	549	0	0	165410	165410	0	0	0	549	2138	0	0	0	0	0	0	0	0	0	0	0	
10:33:00.295	223	0.6328381246382404	549	0	25922	0	0	0	10016	549	0	0	165410	165410	0	0	0	549	2138	0	0	0	0	0	0	0	0	0	0	0	
10:33:01.296	224	0.6328381246382404	549	0	25922	0	0	0	10016	549	0	0	165410	165410	0	0	0	549	2138	0	0	0	0	0	0	0	0	0	0	0	
10:33:02.297	225	0.6328381246382404	549	0	25922	0	0	0	10016	549	0	0	165410	165410	0	0	0	549	2138	0	0	0	0	0	0	0	0	0	0	0	
10:33:03.296	226	0.6328381246382404	549	0	25922	0	0	0	10016	549	0	0	165410	165410	0	0	0	549	2138	0	0	0	0	0	0	0	0	0	0	0	
10:33:04.296	227	0.6328381246382404	549	0	25922	0	0	0	10016	549	0	0	165410	165410	0	0	0	549	2138	0	0	0	0	0	0	0	0	0	0	0	
10:33:05.296	228	0.6328381246382404	549	0	25922	0	0	0	10016	549	0	0	165410	165410	0	0	0	549	2138	0	0	0	0	0	0	0	0	0	0	0	
10:33:06.297	229	0.6328381246382404	549	0	25922	0	0	0	10016	549	0	0	165410	165410	0	0	0	549	2138	0	0	0	0	0	0	0	0	0	0	0	
10:33:07.297	230	0.6328381246382404	549	0	25922	0	0	0	10016	549	0	0	165410	165410	0	0	0	549	2138	0	0	0	0	0	0	0	0	0	0	0	
10:33:08.296	231	0.6328381246382404	549	0	25922	0	0	0	10016	549	0	0	165410	165410	0	0	0	549	2138	0	0	0	0	0	0	0	0	0	0	0	
10:33:09.296	232	0.6328381246382404	549	0	25922	0	0	0	10016	549	0	0	165410	165410	0	0	0	549	2138	0	0	0	0	0	0	0	0	0	0	0	
10:33:10.297	233	0.6328381246382404	549	0	25922	0	0	0	10016	549	0	0	165410	165410	0	0	0	549	2138	0	0	0	0	0	0	0	0	0	0	0	
10:33:11.296	234	0.6328381246382404	549	0	25922	0	0	0	10016	549	0	0	165410	165410	0	0	0	549	2138	0	0	0	0	0	0	0	0	0	0	0	
10:33:12.296	235	0.6328381246382404	549	0	25922	0	0	0	10016	549	0	0	165410	165410	0	0	0	549	2138	0	0	0	0	0	0	0	0	0	0	0	
10:33:13.296	236	0.6328381246382404	549	0	25922	0	0	0	10016	549	0	0	165410	165410	0	0	0	549	2138	0	0	0	0	0	0	0	0	0	0	0	
10:33:14.296	237	0.6328381246382404	549	0	25922	0	0	0	10016	549	0	0	165410	165410	0	0	0	549	2138	0	0	0	0	0	0	0	0	0	0	0	
10:33:15.297	238	0.6328381246382404	549	0	25922	0	0	0	10016	549	0	0	165410	165410	0	0	0	549	2138	0	0	0	0	0	0	0	0	0	0	0	
10:33:16.296	239	0.6328381246382404	549	0	25922	0	0	0	10016	549	0	0	165410	165410	0	0	0	549	2138	0	0	0	0	0	0	0	0	0	0	0	
10:33:17.296	240	0.6328381246382404	549	0	25922	0	0	0	10016	549	0	0	165410	165410	0	0	0	549	2138	0	0	0	0	0	0	0	0	0	0	0	
10:33:18.296	241	0.6328381246382404	549	0	25922	0	0	0	10016	549	0	0	165410	165410	0	0	0	549	2138	0	0	0	0	0	0	0	0	0	0	0	
10:33:19.296	242	0.6328381246382404	549	0	25922	0	0	0	10016	549	0	0	165410	165410	0	0	0	549	2138	0	0	0	0	0	0	0	0	0	0	0	
10:33:20.297	243	0.6328381246382404	549	0	25922	0	0	0	10016	549	0	0	165410	165410	0	0	0	549	2138	0	0	0	0	0	0	0	0	0	0	0	
10:33:21.297	244	0.6328381246382404	549	0	25922	0	0	0	10016	549	0	0	165410	165410	0	0	0	549	2138	0	0	0	0	0	0	0	0	0	0	0	
10:33:22.297	245	0.6328381246382404	549	0	25922	0	0	0	10016	549	0	0	165410	165410	0	0	0	549	2138	0	0	0	0	0	0	0	0	0	0	0	
10:33:23.297	246	0.6328381246382404	549	0	25922	0	0	0	10016	549	0	0	165410	165410	0	0	0	549	2138	0	0	0	0	0	0	0	0	0	0	0	
10:33:24.298	247	0.6328381246382404	549	0	25922	0	0	0	10016	549	0	0	165410	165410	0	0	0	549	2138	0	0	0	0	0	0	0	0	0	0	0	
10:33:25.298	248	0.6328381246382404	549	0	25922	0	0	0	10016	549	0	0	165410	165410	0	0	0	549	2138	0	0	0	0	0	0	0	0	0	0	0	
10:33:26.297	249	0.6328381246382404	549	0	25922	0	0	0	10016	549	0	0	165410	165410	0	0	0	549	2138	0	0	0	0	0	0	0	0	0	0	0	
10:33:27.297	250	0.6328381246382404	549	0	25922	0	0	0	10016	549	0	0	165410	165410	0	0	0	549	2138	0	0	0	0	0	0	0	0	0	0	0	
10:33:28.297	251	0.6328381246382404	549	0	25922	0	0	0	10016	549	0	0	165410	165410	0	0	0	549	2138	0	0	0	0	0	0	0	0	0	0	0	
10:33:29.297	252	0.6328381246382404	549	0	25922	0	0	0	10016	549	0	0	165410	165410	0	0	0	549	2138	0	0	0	0	0	0	0	0	0	0	0	
10:33:30.298	253	0.6328381246382404	549	0	25922	0	0	0	10016	549	0	0	165410	165410	0	0	0	549	2138	0	0	0	0	0	0	0	0	0	0	0	
10:33:31.299	254	0.6328381246382404	549	0	25922	0	0	0	10016	549	0	0	165410	165410	0	0	0	549	2138	0	0	0	0	0	0	0	0	0	0	0	
10:33:32.299	255	0.6328381246382404	549	0	25922	0	0	0	10016	549	0	0	165410	165410	0	0	0	549	2138	0	0	0	0	0	0	0	0	0	0	0	
10:33:33.299	256	0.6328381246382404	549	0	25922	0	0	0	10016	549	0	0	165410	165410	0	0	0	549	2138	0	0	0	0	0	0	0	0	0	0	0	
10:33:34.300	257	0.6328381246382404	549	0	25922	0	0	0	10016	549	0	0	165410	165410	0	0	0	549	2138	0	0	0	0	0	0	0	0	0	0	0	
10:33:35.300	258	0.6328381246382404	549	0	25922	0	0	0	10016	549	0	0	165410	165410	0	0	0	549	2138	0	0	0	0	0	0	0	0	0	0	0	
10:33:36.299	259	0.6328381246382404	549	0	25922	0	0	0	10016	549	0	0	165410	165410	0	0	0	549	2138	0	0	0	0	0	0	0	0	0	0	0	
10:33:37.299	260	0.6328381246382404	549	0	25922	0	0	0	10016	549	0	0	165410	165410	0	0	0	549	2138	0	0	0	0	0	0	0	0	0	0	0	
10:33:38.299	261	0.6328381246382404	549	0	25922	0	0	0	10016	549	0	0	165410	165410	0	0	0	549	2138	0	0	0	0	0	0	0	0	0	0	0	
10:33:39.299	262	0.6328381246382404	549	0	25922	0	0	0	10016	549	0	0	165410	165410	0	0	0	549	2138	0	0	0	0	0	0	0	0	0	0	0	
10:33:40.299	263	0.6328381246382404	549	0	25922	0	0	0	10016	549	0	0	165410	165410	0	0	0	549	2138	0	0	0	0	0	0	0	0	0	0	0	
10:33:41.300	264	0.6328381246382404	549	0	25922	0	0	0	10016	549	0	0	165410	165410	0	0	0	549	2138	0	0	0	0	0	0	0	0	0	0	0	
10:33:42.299	265	0.6328381246382404	549	0	25922	0	0	0	10016	549	0	0	165410	165410	0	0	0	549	2138	0	0	0	0	0	0	0	0	0	0	0	
10:33:43.299	266	0.6328381246382404	549	0	25922	0	0	0	10016	549	0	0	165410	165410	0	0	0	549	2138	0	0	0	0	0	0	0	0	0	0	0	
10:33:44.299	267	0.6328381246382404	549	0	25922	0	0	0	10016	549	0	0	165410	165410	0	0	0	549	2138	0	0	0	0	0	0	0	0	0	0	0	
10:33:45.299	268	0.6328381246382404	549	0	25922	0	0	0	10016	549	0	0	165410	165410	0	0	0	549	2138	0	0	0	0	0	0	0	0	0	0	0	
10:33:46.299	269	0.6328381246382404	549	0	25922	0	0	0	10016	549	0	0	165410	165410	0	0	0	549	2138	0	0	0	0	0	0	0	0	0	0	0	
10:33:47.299	270	0.6328381246382404	549	0	25922	0	0	0	10016	549	0	0	165410	165410	0	0	0	549	2138	0	0	0	0	0	0	0	0	0	0	0	
10:33:48.299	271	0.6328381246382404	549	0	25922	0	0	0	10016	549	0	0	165410	165410	0	0	0	549	2138	0	0	0	0	0	0	0	0	0	0	0	
10:33:49.300	272	0.6328381246382404	549	0	25922	0	0	0	10016	549	0	0	165410	165410	0	0	0	549	2138	0	0	0	0	0	0	0	0	0	0	0	
10:33:50.299	273	0.6328381246382404	549	0	25922	0	0	0	10016	549	0	0	165410	165410	0	0	0	549	2138	0	0	0	0	0	0	0	0	0	0	0	
10:33:51.300	274	0.6328381246382404	549	0	25922	0	0	0	10016	549	0	0	165410	165410	0	0	0	549	2138	0	0	0	0	0	0	0	0	0	0	0	
10:33:52.300	275	0.6328381246382404	549	0	25922	0	0	0	10016	549	0	0	165410	165410	0	0	0	549	2138	0	0	0	0	0	0	0	0	0	0	0	
10:33:53.300	276	0.6328381246382404	549	0	25922	0	0	0	10016	549	0	0	165410	165410	0	0	0	549	2138	0	0	0	0	0	0	0	0	0	0	0	
10:33:54.300	277	0.6328381246382404	549	0	25922	0	0	0	10016	549	0	0	165410	165410	0	0	0	549	2138	0	0	0	0	0	0	0	0	0	0	0	
10:33:55.300	278	0.6328381246382404	549	0	25922	0	0	0	10016	549	0	0	165410	165410	0	0	0	549	2138	0	0	0	0	0	0	0	0	0	0	0	
10:33:56.300	279	0.6328381246382404	549	0	25922	0	0	0	10016	549	0	0	165410	165410	0	0	0	549	2138	0	0	0	0	0	0	0	0	0	0	0	
10:33:57.300	280	0.6328381246382404	549	0	25922	0	0	0	10016	549	0	0	165410	165410	0	0	0	549	2138	0	0	0	0	0	0	0	0	0	0	0	
10:33:58.300	281	0.6328381246382404	549	0	25922	0	0	0	10016	549	0	0	165410	165410	0	0	0	549	2138	0	0	0	0	0	0	0	0	0	0	0	
10:33:59.301	282	0.6328381246382404	549	0	25922	0	0	0	10016	549	0	0	165410	165410	0	0	0	549	2138	0	0	0	0	0	0	0	0	0	0	0	
10:34:00.302	283	0.6328381246382404	549	0	25922	0	0	0	10016	549	0	0	165410	165410	0	0	0	549	2138	0	0	0	0	0	0	0	0	0	0	0	
10:34:01.302	284	0.6328381246382404	549	0	25922	0	0	0	10016	549	0	0	165410	165410	0	0	0	549	2138	0	0	0	0	0	0	0	0	0	0	0	
10:34:02.302	285	0.6328381246382404	549	0	25922	0	0	0	10016	549	0	0	165410	165410	0	0	0	549	2138	0	0	0	0	0	0	0	0	0	0	0	
10:34:03.302	286	0.6328381246382404	549	0	25922	0	0	0	10016	549	0	0	165410	165410	0	0	0	549	2138	0	0	0	0	0	0	0	0	0	0	0	
10:34:04.302	287	0.6328381246382404	549	0	25922	0	0	0	10016	549	0	0	165410	165410	0	0	0	549	2138	0	0	0	0	0	0	0	0	0	0	0	
10:34:05.302	288	0.6328381246382404	549	0	25922	0	0	0	10016	549	0	0	165410	165410	0	0	0	549	2138	0	0	0	0	0	0	0	0	0	0	0	
10:34:06.302	289	0.6328381246382404	549	0	25922	0	0	0	10016	549	0	0	165410	165410	0	0	0	549	2138	0	0	0	0	0	0	0	0	0	0	0	
10:34:07.302	290	0.6328381246382404	549	0	25922	0	0	0	10016	549	0	0	165410	165410	0	0	0	549	2138	0	0	0	0	0	0	0	0	0	0	0	
10:34:08.303	291	0.6328381246382404	549	0	25922	0	0	0	10016	549	0	0	165410	165410	0	0	0	549	2138	0	0	0	0	0	0	0	0	0	0	0	
10:34:09.303	292	0.6328381246382404	549	0	25922	0	0	0	10016	549	0	0	165410	165410	0	0	0	549	2138	0	0	0	0	0	0	0	0	0	0	0	
10:34:10.302	293	0.6328381246382404	549	0	25922	0	0	0	10016	549	0	0	165410	165410	0	0	0	549	2138	0	0	0	0	0	0	0	0	0	0	0	
10:34:11.302	294	0.6328381246382404	549	0	25922	0	0	0	10016	549	0	0	165410	165410	0	0	0	549	2138	0	0	0	0	0	0	0	0	0	0	0	
10:34:12.302	295	0.6328381246382404	549	0	25922	0	0	0	10016	549	0	0	165410	165410	0	0	0	549	2138	0	0	0	0	0	0	0	0	0	0	0	
10:34:13.302	296	0.6328381246382404	549	0	25922	0	0	0	10016	549	0	0	165410	165410	0	0	0	549	2138	0	0	0	0	0	0	0	0	0	0	0	
10:34:14.302	297	0.6328381246382404	549	0	25922	0	0	0	10016	549	0	0	165410	165410	0	0	0	549	2138	0	0	0	0	0	0	0	0	0	0	0	
10:34:15.302	298	0.6328381246382404	549	0	25922	0	0	0	10016	549	0	0	165410	165410	0	0	0	549	2138	0	0	0	0	0	0	0	0	0	0	0	
10:34:16.302	299	0.6328381246382404	549	0	25922	0	0	0	10016	549	0	0	165410	165410	0	0	0	549	2138	0	0	0	0	0	0	0	0	0	0	0	
10:34:17.302	300	0.6328381246382404	549	0	25922	0	0	0	10016	549	0	0	165410	165410	0	0	0	549	2138	0	0	0	0	0	0	0	0	0	0	0	
10:34:18.302	301	0.6328381246382404	549	0	25922	0	0	0	10016	549	0	0	165410	165410	0	0	0	549	2138	0	0	0	0	0	0	0	0	0	0	0	
10:34:19.302	302	0.6328381246382404	549	0	25922	0	0	0	10016	549	0	0	165410	165410	0	0	0	549	2138	0	0	0	0	0	0	0	0	0	0	0	
10:34:20.302	303	0.6328381246382404	549	0	25922	0	0	0	10016	549	0	0	165410	165410	0	0	0	549	2138	0	0	0	0	0	0	0	0	0	0	0	
10:34:21.302	304	0.6328381246382404	549	0	25922	0	0	0	10016	549	0	0	165410	165410	0	0	0	549	2138	0	0	0	0	0	0	0	0	0	0	0	
10:34:22.302	305	0.6328381246382404	549	0	25922	0	0	0	10016	549	0	0	165410	165410	0	0	0	549	2138	0	0	0	0	0	0	0	0	0	0	0	
10:34:23.302	306	0.6328381246382404	549	0	25922	0	0	0	10016	549	0	0	165410	165410	0	0	0	549	2138	0	0	0	0	0	0	0	0	0	0	0	
10:34:24.302	307	0.6328381246382404	549	0	25922	0	0	0	10016	549	0	0	165410	165410	0	0	0	549	2138	0	0	0	0	0	0	0	0	0	0	0	
10:34:25.302	308	0.6328381246382404	549	0	25922	0	0	0	10016	549	0	0	165410	165410	0	0	0	549	2138	0	0	0	0	0	0	0	0	0	0	0	
10:34:26.303	309	0.6328381246382404	549	0	25922	0	0	0	10016	549	0	0	165410	165410	0	0	0	549	2138	0	0	0	0	0	0	0	0	0	0	0	
10:34:27.302	310	0.6328381246382404	549	0	25922	0	0	0	10016	549	0	0	165410	165410	0	0	0	549	2138	0	0	0	0	0	0	0	0	0	0	0	
10:34:28.302	311	0.6328381246382404	549	0	25922	0	0	0	10016	549	0	0	165410	165410	0	0	0	549	2138	0	0	0	0	0	0	0	0	0	0	0	
10:34:29.302	312	0.6328381246382404	549	0	25922	0	0	0	10016	549	0	0	165410	165410	0	0	0	549	2138	0	0	0	0	0	0	0	0	0	0	0	
10:34:30.302	313	0.6328381246382404	549	0	25922	0	0	0	10016	549	0	0	165410	165410	0	0	0	549	2138	0	0	0	0	0	0	0	0	0	0	0	
10:34:31.303	314	0.6328381246382404	549	0	25922	0	0	0	10016	549	0	0	165410	165410	0	0	0	549	2138	0	0	0	0	0	0	0	0	0	0	0	
10:34:32.303	315	0.6328381246382404	549	0	25922	0	0	0	10016	549	0	0	165410	165410	0	0	0	549	2138	0	0	0	0	0	0	0	0	0	0	0	
10:34:33.303	316	0.6328381246382404	549	0	25922	0	0	0	10016	549	0	0	165410	165410	0	0	0	549	2138	0	0	0	0	0	0	0	0	0	0	0	
10:34:34.303	317	0.6328381246382404	549	0	25922	0	0	0	10016	549	0	0	165410	165410	0	0	0	549	2138	0	0	0	0	0	0	0	0	0	0	0	
10:34:35.303	318	0.6328381246382404	549	0	25922	0	0	0	10016	549	0	0	165410	165410	0	0	0	549	2138	0	0	0	0	0	0	0	0	0	0	0	
10:34:36.304	319	0.6328381246382404	549	0	25922	0	0	0	10016	549	0	0	165410	165410	0	0	0	549	2138	0	0	0	0	0	0	0	0	0	0	0	
10:34:37.305	320	0.6328381246382404	549	0	25922	0	0	0	10016	549	0	0	165410	165410	0	0	0	549	2138	0	0	0	0	0	0	0	0	0	0	0	
10:34:38.306	321	0.6328381246382404	549	0	25922	0	0	0	10016	549	0	0	165410	165410	0	0	0	549	2138	0	0	0	0	0	0	0	0	0	0	0	
10:34:39.306	322	0.6328381246382404	549	0	25922	0	0	0	10016	549	0	0	165410	165410	0	0	0	549	2138	0	0	0	0	0	0	0	0	0	0	0	
10:34:40.306	323	0.6328381246382404	549	0	25922	0	0	0	10016	549	0	0	165410	165410	0	0	0	549	2138	0	0	0	0	0	0	0	0	0	0	0	
10:34:41.306	324	0.6328381246382404	549	0	25922	0	0	0	10016	549	0	0	165410	165410	0	0	0	549	2138	0	0	0	0	0	0	0	0	0	0	0	
10:34:42.307	325	0.6328381246382404	549	0	25922	0	0	0	10016	549	0	0	165410	165410	0	0	0	549	2138	0	0	0	0	0	0	0	0	0	0	0	
10:34:43.307	326	0.6328381246382404	549	0	25922	0	0	0	10016	549	0	0	165410	165410	0	0	0	549	2138	0	0	0	0	0	0	0	0	0	0	0	
10:34:44.307	327	0.6328381246382404	549	0	25922	0	0	0	10016	549	0	0	165410	165410	0	0	0	549	2138	0	0	0	0	0	0	0	0	0	0	0	
10:34:45.308	328	0.6328381246382404	549	0	25922	0	0	0	10016	549	0	0	165410	165410	0	0	0	549	2138	0	0	0	0	0	0	0	0	0	0	0	
10:34:46.307	329	0.6328381246382404	549	0	25922	0	0	0	10016	549	0	0	165410	165410	0	0	0	549	2138	0	0	0	0	0	0	0	0	0	0	0	
10:34:47.307	330	0.6328381246382404	549	0	25922	0	0	0	10016	549	0	0	165410	165410	0	0	0	549	2138	0	0	0	0	0	0	0	0	0	0	0	
10:34:48.307	331	0.6328381246382404	549	0	25922	0	0	0	10016	549	0	0	165410	165410	0	0	0	549	2138	0	0	0	0	0	0	0	0	0	0	0	
10:34:49.307	332	0.6328381246382404	549	0	25922	0	0	0	10016	549	0	0	165410	165410	0	0	0	549	2138	0	0	0	0	0	0	0	0	0	0	0	
10:34:50.307	333	0.6328381246382404	549	0	25922	0	0	0	10016	549	0	0	165410	165410	0	0	0	549	2138	0	0	0	0	0	0	0	0	0	0	0	
10:34:51.308	334	0.6328381246382404	549	0	25922	0	0	0	10016	549	0	0	165410	165410	0	0	0	549	2138	0	0	0	0	0	0	0	0	0	0	0	
10:34:52.307	335	0.6328381246382404	549	0	25922	0	0	0	10016	549	0	0	165410	165410	0	0	0	549	2138	0	0	0	0	0	0	0	0	0	0	0	
10:34:53.307	336	0.6328381246382404	549	0	25922	0	0	0	10016	549	0	0	165410	165410	0	0	0	549	2138	0	0	0	0	0	0	0	0	0	0	0	
10:34:54.307	337	0.6328381246382404	549	0	25922	0	0	0	10016	549	0	0	165410	165410	0	0	0	549	2138	0	0	0	0	0	0	0	0	0	0	0	
10:34:55.307	338	0.6328381246382404	549	0	25922	0	0	0	10016	549	0	0	165410	165410	0	0	0	549	2138	0	0	0	0	0	0	0	0	0	0	0	
10:34:56.308	339	0.6328381246382404	549	0	25922	0	0	0	10016	549	0	0	165410	165410	0	0	0	549	2138	0	0	0	0	0	0	0	0	0	0	0	
10:34:57.307	340	0.6328381246382404	549	0	25922	0	0	0	10016	549	0	0	165410	165410	0	0	0	549	2138	0	0	0	0	0	0	0	0	0	0	0	
10:34:58.307	341	0.6328381246382404	549	0	25922	0	0	0	10016	549	0	0	165410	165410	0	0	0	549	2138	0	0	0	0	0	0	0	0	0	0	0	
10:34:59.307	342	0.6328381246382404	549	0	25922	0	0	0	10016	549	0	0	165410	165410	0	0	0	549	2138	0	0	0	0	0	0	0	0	0	0	0	
10:35:00.307	343	0.6328381246382404	549	0	25922	0	0	0	10016	549	0	0	165410	165410	0	0	0	549	2138	0	0	0	0	0	0	0	0	0	0	0	
10:35:01.307	344	0.6328381246382404	549	0	25922	0	0	0	10016	549	0	0	165410	165410	0	0	0	549	2138	0	0	0	0	0	0	0	0	0	0	0	
10:35:02.308	345	0.6328381246382404	549	0	25922	0	0	0	10016	549	0	0	165410	165410	0	0	0	549	2138	0	0	0	0	0	0	0	0	0	0	0	
10:35:03.308	346	0.6328381246382404	549	0	25922	0	0	0	10016	549	0	0	165410	165410	0	0	0	549	2138	0	0	0	0	0	0	0	0	0	0	0	
10:35:04.307	347	0.6328381246382404	549	0	25922	0	0	0	10016	549	0	0	165410	165410	0	0	0	549	2138	0	0	0	0	0	0	0	0	0	0	0	
10:35:05.307	348	0.6328381246382404	549	0	25922	0	0	0	10016	549	0	0	165410	165410	0	0	0	549	2138	0	0	0	0	0	0	0	0	0	0	0	
10:35:06.307	349	0.6328381246382404	549	0	25922	0	0	0	10016	549	0	0	165410	165410	0	0	0	549	2138	0	0	0	0	0	0	0	0	0	0	0	
10:35:07.307	350	0.6328381246382404	549	0	25922	0	0	0	10016	549	0	0	165410	165410	0	0	0	549	2138	0	0	0	0	0	0	0	0	0	0	0	
10:35:08.307	351	0.6328381246382404	549	0	25922	0	0	0	10016	549	0	0	165410	165410	0	0	0	549	2138	0	0	0	0	0	0	0	0	0	0	0	
10:35:09.307	352	0.6328381246382404	549	0	25922	0	0	0	10016	549	0	0	165410	165410	0	0	0	549	2138	0	0	0	0	0	0	0	0	0	0	0	
10:35:10.308	353	0.6328381246382404	549	0	25922	0	0	0	10016	549	0	0	165410	165410	0	0	0	549	2138	0	0	0	0	0	0	0	0	0	0	0	
10:35:11.307	354	0.6328381246382404	549	0	25922	0	0	0	10016	549	0	0	165410	165410	0	0	0	549	2138	0	0	0	0	0	0	0	0	0	0	0	
10:35:12.307	355	0.6328381246382404	549	0	25922	0	0	0	10016	549	0	0	165410	165410	0	0	0	549	2138	0	0	0	0	0	0	0	0	0	0	0	
10:35:13.307	356	0.6328381246382404	549	0	25922	0	0	0	10016	549	0	0	165410	165410	0	0	0	549	2138	0	0	0	0	0	0	0	0	0	0	0	
10:35:14.308	357	0.6328381246382404	549	0	25922	0	0	0	10016	549	0	0	165410	165410	0	0	0	549	2138	0	0	0	0	0	0	0	0	0	0	0	
10:35:15.307	358	0.6328381246382404	549	0	25922	0	0	0	10016	549	0	0	165410	165410	0	0	0	549	2138	0	0	0	0	0	0	0	0	0	0	0	
10:35:16.307	359	0.6328381246382404	549	0	25922	0	0	0	10016	549	0	0	165410	165410	0	0	0	549	2138	0	0	0	0	0	0	0	0	0	0	0	
10:35:17.307	360	0.6328381246382404	549	0	25922	0	0	0	10016	549	0	0	165410	165410	0	0	0	549	2138	0	0	0	0	0	0	0	0	0	0	0	
10:35:18.307	361	0.6328381246382404	549	0	25922	0	0	0	10016	549	0	0	165410	165410	0	0	0	549	2138	0	0	0	0	0	0	0	0	0	0	0	
10:35:19.308	362	0.6328381246382404	549	0	25922	0	0	0	10016	549	0	0	165410	165410	0	0	0	549	2138	0	0	0	0	0	0	0	0	0	0	0	
10:35:20.308	363	0.6328381246382404	549	0	25922	0	0	0	10016	549	0	0	165410	165410	0	0	0	549	2138	0	0	0	0	0	0	0	0	0	0	0	
10:35:21.308	364	0.6328381246382404	549	0	25922	0	0	0	10016	549	0	0	165410	165410	0	0	0	549	2138	0	0	0	0	0	0	0	0	0	0	0	
10:35:22.308	365	0.6328381246382404	549	0	25922	0	0	0	10016	549	0	0	165410	165410	0	0	0	549	2138	0	0	0	0	0	0	0	0	0	0	0	
10:35:23.308	366	0.6328381246382404	549	0	25922	0	0	0	10016	549	0	0	165410	165410	0	0	0	549	2138	0	0	0	0	0	0	0	0	0	0	0	
10:35:24.308	367	0.6328381246382404	549	0	25922	0	0	0	10016	549	0	0	165410	165410	0	0	0	549	2138	0	0	0	0	0	0	0	0	0	0	0	
10:35:25.309	368	0.6328381246382404	549	0	25922	0	0	0	10016	549	0	0	165410	165410	0	0	0	549	2138	0	0	0	0	0	0	0	0	0	0	0	
10:35:26.309	369	0.6328381246382404	549	0	25922	0	0	0	10016	549	0	0	165410	165410	0	0	0	549	2138	0	0	0	0	0	0	0	0	0	0	0	
10:35:27.309	370	0.6328381246382404	549	0	25922	0	0	0	10016	549	0	0	165410	165410	0	0	0	549	2138	0	0	0	0	0	0	0	0	0	0	0	
10:35:28.309	371	0.6328381246382404	549	0	25922	0	0	0	10016	549	0	0	165410	165410	0	0	0	549	2138	0	0	0	0	0	0	0	0	0	0	0	
10:35:29.309	372	0.6328381246382404	549	0	25922	0	0	0	10016	549	0	0	165410	165410	0	0	0	549	2138	0	0	0	0	0	0	0	0	0	0	0	
10:35:30.309	373	0.6328381246382404	549	0	25922	0	0	0	10016	549	0	0	165410	165410	0	0	0	549	2138	0	0	0	0	0	0	0	0	0	0	0	
10:35:31.309	374	0.6328381246382404	549	0	25922	0	0	0	10016	549	0	0	165410	165410	0	0	0	549	2138	0	0	0	0	0	0	0	0	0	0	0	
10:35:32.310	375	0.6328381246382404	549	0	25922	0	0	0	10016	549	0	0	165410	165410	0	0	0	549	2138	0	0	0	0	0	0	0	0	0	0	0	
10:35:33.309	376	0.6328381246382404	549	0	25922	0	0	0	10016	549	0	0	165410	165410	0	0	0	549	2138	0	0	0	0	0	0	0	0	0	0	0	
10:35:34.309	377	0.6328381246382404	549	0	25922	0	0	0	10016	549	0	0	165410	165410	0	0	0	549	2138	0	0	0	0	0	0	0	0	0	0	0	
10:35:35.309	378	0.6328381246382404	549	0	25922	0	0	0	10016	549	0	0	165410	165410	0	0	0	549	2138	0	0	0	0	0	0	0	0	0	0	0	
10:35:36.310	379	0.6328381246382404	549	0	25922	0	0	0	10016	549	0	0	165410	165410	0	0	0	549	2138	0	0	0	0	0	0	0	0	0	0	0	
10:35:37.309	380	0.6328381246382404	549	0	25922	0	0	0	10016	549	0	0	165410	165410	0	0	0	549	2138	0	0	0	0	0	0	0	0	0	0	0	
10:35:38.309	381	0.6328381246382404	549	0	25922	0	0	0	10016	549	0	0	165410	165410	0	0	0	549	2138	0	0	0	0	0	0	0	0	0	0	0	
10:35:39.309	382	0.6328381246382404	549	0	25922	0	0	0	10016	549	0	0	165410	165410	0	0	0	549	2138	0	0	0	0	0	0	0	0	0	0	0	
10:35:40.309	383	0.6328381246382404	549	0	25922	0	0	0	10016	549	0	0	165410	165410	0	0	0	549	2138	0	0	0	0	0	0	0	0	0	0	0	
10:35:41.310	384	0.6328381246382404	549	0	25922	0	0	0	10016	549	0	0	165410	165410	0	0	0	549	2138	0	0	0	0	0	0	0	0	0	0	0	
10:35:42.310	385	0.6328381246382404	549	0	25922	0	0	0	10016	549	0	0	165410	165410	0	0	0	549	2138	0	0	0	0	0	0	0	0	0	0	0	
10:35:43.310	386	0.6328381246382404	549	0	25922	0	0	0	10016	549	0	0	165410	165410	0	0	0	549	2138	0	0	0	0	0	0	0	0	0	0	0	
10:35:44.310	387	0.6328381246382404	549	0	25922	0	0	0	10016	549	0	0	165410	165410	0	0	0	549	2138	0	0	0	0	0	0	0	0	0	0	0	
10:35:45.310	388	0.6328381246382404	549	0	25922	0	0	0	10016	549	0	0	165410	165410	0	0	0	549	2138	0	0	0	0	0	0	0	0	0	0	0	
10:35:46.310	389	0.6328381246382404	549	0	25922	0	0	0	10016	549	0	0	165410	165410	0	0	0	549	2138	0	0	0	0	0	0	0	0	0	0	0	
10:35:47.310	390	0.6328381246382404	549	0	25922	0	0	0	10016	549	0	0	165410	165410	0	0	0	549	2138	0	0	0	0	0	0	0	0	0	0	0	
10:35:48.310	391	0.6328381246382404	549	0	25922	0	0	0	10016	549	0	0	165410	165410	0	0	0	549	2138	0	0	0	0	0	0	0	0	0	0	0	
10:35:49.310	392	0.6328381246382404	549	0	25922	0	0	0	10016	549	0	0	165410	165410	0	0	0	549	2138	0	0	0	0	0	0	0	0	0	0	0	
10:35:50.310	393	0.6328381246382404	549	0	25922	0	0	0	10016	549	0	0	165410	165410	0	0	0	549	2138	0	0	0	0	0	0	0	0	0	0	0	
10:35:51.311	394	0.6328381246382404	549	0	25922	0	0	0	10016	549	0	0	165410	165410	0	0	0	549	2138	0	0	0	0	0	0	0	0	0	0	0	
10:35:52.310	395	0.6328381246382404	549	0	25922	0	0	0	10016	549	0	0	165410	165410	0	0	0	549	2138	0	0	0	0	0	0	0	0	0	0	0	
10:35:53.310	396	0.6328381246382404	549	0	25922	0	0	0	10016	549	0	0	165410	165410	0	0	0	549	2138	0	0	0	0	0	0	0	0	0	0	0	
10:35:54.310	397	0.6328381246382404	549	0	25922	0	0	0	10016	549	0	0	165410	165410	0	0	0	549	2138	0	0	0	0	0	0	0	0	0	0	0	
10:35:55.311	398	0.6328381246382404	549	0	25922	0	0	0	10016	549	0	0	165410	165410	0	0	0	549	2138	0	0	0	0	0	0	0	0	0	0	0	
10:35:56.310	399	0.6328381246382404	549	0	25922	0	0	0	10016	549	0	0	165410	165410	0	0	0	549	2138	0	0	0	0	0	0	0	0	0	0	0	
10:35:57.310	400	0.6328381246382404	549	0	25922	0	0	0	10016	549	0	0	165410	165410	0	0	0	549	2138	0	0	0	0	0	0	0	0	0	0	0	
10:35:58.310	401	0.6328381246382404	549	0	25922	0	0	0	10016	549	0	0	165410	165410	0	0	0	549	2138	0	0	0	0	0	0	0	0	0	0	0	
10:35:59.310	402	0.6328381246382404	549	0	25922	0	0	0	10016	549	0	0	165410	165410	0	0	0	549	2138	0	0	0	0	0	0	0	0	0	0	0	
10:36:00.310	403	0.6328381246382404	549	0	25922	0	0	0	10016	549	0	0	165410	165410	0	0	0	549	2138	0	0	0	0	0	0	0	0	0	0	0	
10:36:01.310	404	0.6328381246382404	549	0	25922	0	0	0	10016	549	0	0	165410	165410	0	0	0	549	2138	0	0	0	0	0	0	0	0	0	0	0	
10:36:02.310	405	0.6328381246382404	549	0	25922	0	0	0	10016	549	0	0	165410	165410	0	0	0	549	2138	0	0	0	0	0	0	0	0	0	0	0	
10:36:03.310	406	0.6328381246382404	549	0	25922	0	0	0	10016	549	0	0	165410	165410	0	0	0	549	2138	0	0	0	0	0	0	0	0	0	0	0	
10:36:04.310	407	0.6328381246382404	549	0	25922	0	0	0	10016	549	0	0	165410	165410	0	0	0	549	2138	0	0	0	0	0	0	0	0	0	0	0	
10:36:05.311	408	0.6328381246382404	549	0	25922	0	0	0	10016	549	0	0	165410	165410	0	0	0	549	2138	0	0	0	0	0	0	0	0	0	0	0	
10:36:06.311	409	0.6328381246382404	549	0	25922	0	0	0	10016	549	0	0	165410	165410	0	0	0	549	2138	0	0	0	0	0	0	0	0	0	0	0	
10:36:07.310	410	0.6328381246382404	549	0	25922	0	0	0	10016	549	0	0	165410	165410	0	0	0	549	2138	0	0	0	0	0	0	0	0	0	0	0	
10:36:08.310	411	0.6328381246382404	549	0	25922	0	0	0	10016	549	0	0	165410	165410	0	0	0	549	2138	0	0	0	0	0	0	0	0	0	0	0	
10:36:09.310	412	0.6328381246382404	549	0	25922	0	0	0	10016	549	0	0	165410	165410	0	0	0	549	2138	0	0	0	0	0	0	0	0	0	0	0	
10:36:10.310	413	0.6328381246382404	549	0	25922	0	0	0	10016	549	0	0	165410	165410	0	0	0	549	2138	0	0	0	0	0	0	0	0	0	0	0	
10:36:11.310	414	0.6328381246382404	549	0	25922	0	0	0	10016	549	0	0	165410	165410	0	0	0	549	2138	0	0	0	0	0	0	0	0	0	0	0	
10:36:12.310	415	0.6328381246382404	549	0	25922	0	0	0	10016	549	0	0	165410	165410	0	0	0	549	2138	0	0	0	0	0	0	0	0	0	0	0	
10:36:13.310	416	0.6328381246382404	549	0	25922	0	0	0	10016	549	0	0	165410	165410	0	0	0	549	2138	0	0	0	0	0	0	0	0	0	0	0	
10:36:14.310	417	0.6328381246382404	549	0	25922	0	0	0	10016	549	0	0	165410	165410	0	0	0	549	2138	0	0	0	0	0	0	0	0	0	0	0	
10:36:15.311	418	0.6328381246382404	549	0	25922	0	0	0	10016	549	0	0	165410	165410	0	0	0	549	2138	0	0	0	0	0	0	0	0	0	0	0	
10:36:16.311	419	0.6328381246382404	549	0	25922	0	0	0	10016	549	0	0	165410	165410	0	0	0	549	2138	0	0	0	0	0	0	0	0	0	0	0	
10:36:17.310	420	0.6328381246382404	549	0	25922	0	0	0	10016	549	0	0	165410	165410	0	0	0	549	2138	0	0	0	0	0	0	0	0	0	0	0	
10:36:18.310	421	0.6328381246382404	549	0	25922	0	0	0	10016	549	0	0	165410	165410	0	0	0	549	2138	0	0	0	0	0	0	0	0	0	0	0	
10:36:19.310	422	0.6328381246382404	549	0	25922	0	0	0	10016	549	0	0	165410	165410	0	0	0	549	2138	0	0	0	0	0	0	0	0	0	0	0	
10:36:20.310	423	0.6328381246382404	549	0	25922	0	0	0	10016	549	0	0	165410	165410	0	0	0	549	2138	0	0	0	0	0	0	0	0	0	0	0	
10:36:21.311	424	0.6328381246382404	549	0	25922	0	0	0	10016	549	0	0	165410	165410	0	0	0	549	2138	0	0	0	0	0	0	0	0	0	0	0	
10:36:22.311	425	0.6328381246382404	549	0	25922	0	0	0	10016	549	0	0	165410	165410	0	0	0	549	2138	0	0	0	0	0	0	0	0	0	0	0	
10:36:23.310	426	0.6328381246382404	549	0	25922	0	0	0	10016	549	0	0	165410	165410	0	0	0	549	2138	0	0	0	0	0	0	0	0	0	0	0	
10:36:24.310	427	0.6328381246382404	549	0	25922	0	0	0	10016	549	0	0	165410	165410	0	0	0	549	2138	0	0	0	0	0	0	0	0	0	0	0	
10:36:25.310	428	0.6328381246382404	549	0	25922	0	0	0	10016	549	0	0	165410	165410	0	0	0	549	2138	0	0	0	0	0	0	0	0	0	0	0	
10:36:26.310	429	0.6328381246382404	549	0	25922	0	0	0	10016	549	0	0	165410	165410	0	0	0	549	2138	0	0	0	0	0	0	0	0	0	0	0	
10:36:27.311	430	0.6328381246382404	549	0	25922	0	0	0	10016	549	0	0	165410	165410	0	0	0	549	2138	0	0	0	0	0	0	0	0	0	0	0	
10:36:28.311	431	0.6328381246382404	549	0	25922	0	0	0	10016	549	0	0	165410	165410	0	0	0	549	2138	0	0	0	0	0	0	0	0	0	0	0	
10:36:29.310	432	0.6328381246382404	549	0	25922	0	0	0	10016	549	0	0	165410	165410	0	0	0	549	2138	0	0	0	0	0	0	0	0	0	0	0	
10:36:30.310	433	0.6328381246382404	549	0	25922	0	0	0	10016	549	0	0	165410	165410	0	0	0	549	2138	0	0	0	0	0	0	0	0	0	0	0	
10:36:31.310	434	0.6328381246382404	549	0	25922	0	0	0	10016	549	0	0	165410	165410	0	0	0	549	2138	0	0	0	0	0	0	0	0	0	0	0	
10:36:32.310	435	0.6328381246382404	549	0	25922	0	0	0	10016	549	0	0	165410	165410	0	0	0	549	2138	0	0	0	0	0	0	0	0	0	0	0	
10:36:33.311	436	0.6328381246382404	549	0	25922	0	0	0	10016	549	0	0	165410	165410	0	0	0	549	2138	0	0	0	0	0	0	0	0	0	0	0	
10:36:34.310	437	0.6328381246382404	549	0	25922	0	0	0	10016	549	0	0	165410	165410	0	0	0	549	2138	0	0	0	0	0	0	0	0	0	0	0	
10:36:35.310	438	0.6328381246382404	549	0	25922	0	0	0	10016	549	0	0	165410	165410	0	0	0	549	2138	0	0	0	0	0	0	0	0	0	0	0	
10:36:36.310	439	0.6328381246382404	549	0	25922	0	0	0	10016	549	0	0	165410	165410	0	0	0	549	2138	0	0	0	0	0	0	0	0	0	0	0	
10:36:37.310	440	0.6328381246382404	549	0	25922	0	0	0	10016	549	0	0	165410	165410	0	0	0	549	2138	0	0	0	0	0	0	0	0	0	0	0	
10:36:38.310	441	0.6328381246382404	549	0	25922	0	0	0	10016	549	0	0	165410	165410	0	0	0	549	2138	0	0	0	0	0	0	0	0	0	0	0	
10:36:39.311	442	0.6328381246382404	549	0	25922	0	0	0	10016	549	0	0	165410	165410	0	0	0	549	2138	0	0	0	0	0	0	0	0	0	0	0	
10:36:40.310	443	0.6328381246382404	549	0	25922	0	0	0	10016	549	0	0	165410	165410	0	0	0	549	2138	0	0	0	0	0	0	0	0	0	0	0	
10:36:41.310	444	0.6328381246382404	549	0	25922	0	0	0	10016	549	0	0	165410	165410	0	0	0	549	2138	0	0	0	0	0	0	0	0	0	0	0	
10:36:42.310	445	0.6328381246382404	549	0	25922	0	0	0	10016	549	0	0	165410	165410	0	0	0	549	2138	0	0	0	0	0	0	0	0	0	0	0	
10:36:43.311	446	0.6328381246382404	549	0	25922	0	0	0	10016	549	0	0	165410	165410	0	0	0	549	2138	0	0	0	0	0	0	0	0	0	0	0	
10:36:44.312	447	0.6328381246382404	549	0	25922	0	0	0	10016	549	0	0	165410	165410	0	0	0	549	2138	0	0	0	0	0	0	0	0	0	0	0	
10:36:45.311	448	0.6328381246382404	549	0	25922	0	0	0	10016	549	0	0	165410	165410	0	0	0	549	2138	0	0	0	0	0	0	0	0	0	0	0	
10:36:46.311	449	0.6328381246382404	549	0	25922	0	0	0	10016	549	0	0	165410	165410	0	0	0	549	2138	0	0	0	0	0	0	0	0	0	0	0	
10:36:47.312	450	0.6328381246382404	549	0	25922	0	0	0	10016	549	0	0	165410	165410	0	0	0	549	2138	0	0	0	0	0	0	0	0	0	0	0	
10:36:48.311	451	0.6328381246382404	549	0	25922	0	0	0	10016	549	0	0	165410	165410	0	0	0	549	2138	0	0	0	0	0	0	0	0	0	0	0	
10:36:49.311	452	0.6328381246382404	549	0	25922	0	0	0	10016	549	0	0	165410	165410	0	0	0	549	2138	0	0	0	0	0	0	0	0	0	0	0	
10:36:50.312	453	0.6328381246382404	549	0	25922	0	0	0	10016	549	0	0	165410	165410	0	0	0	549	2138	0	0	0	0	0	0	0	0	0	0	0	
10:36:51.313	454	0.6328381246382404	549	0	25922	0	0	0	10016	549	0	0	165410	165410	0	0	0	549	2138	0	0	0	0	0	0	0	0	0	0	0	
10:36:52.312	455	0.6328381246382404	549	0	25922	0	0	0	10016	549	0	0	165410	165410	0	0	0	549	2138	0	0	0	0	0	0	0	0	0	0	0	
10:36:53.312	456	0.6328381246382404	549	0	25922	0	0	0	10016	549	0	0	165410	165410	0	0	0	549	2138	0	0	0	0	0	0	0	0	0	0	0	
10:36:54.312	457	0.6328381246382404	549	0	25922	0	0	0	10016	549	0	0	165410	165410	0	0	0	549	2138	0	0	0	0	0	0	0	0	0	0	0	
10:36:55.313	458	0.6328381246382404	549	0	25922	0	0	0	10016	549	0	0	165410	165410	0	0	0	549	2138	0	0	0	0	0	0	0	0	0	0	0	
10:36:56.312	459	0.6328381246382404	549	0	25922	0	0	0	10016	549	0	0	165410	165410	0	0	0	549	2138	0	0	0	0	0	0	0	0	0	0	0	
10:36:57.313	460	0.6328381246382404	549	0	25922	0	0	0	10016	549	0	0	165410	165410	0	0	0	549	2138	0	0	0	0	0	0	0	0	0	0	0	
10:36:58.313	461	0.6328381246382404	549	0	25922	0	0	0	10016	549	0	0	165410	165410	0	0	0	549	2138	0	0	0	0	0	0	0	0	0	0	0	
10:36:59.313	462	0.6328381246382404	549	0	25922	0	0	0	10016	549	0	0	165410	165410	0	0	0	549	2138	0	0	0	0	0	0	0	0	0	0	0	
10:37:00.313	463	0.6328381246382404	549	0	25922	0	0	0	10016	549	0	0	165410	165410	0	0	0	549	2138	0	0	0	0	0	0	0	0	0	0	0	
10:37:01.313	464	0.6328381246382404	549	0	25922	0	0	0	10016	549	0	0	165410	165410	0	0	0	549	2138	0	0	0	0	0	0	0	0	0	0	0	
10:37:02.313	465	0.6328381246382404	549	0	25922	0	0	0	10016	549	0	0	165410	165410	0	0	0	549	2138	0	0	0	0	0	0	0	0	0	0	0	
10:37:03.313	466	0.6328381246382404	549	0	25922	0	0	0	10016	549	0	0	165410	165410	0	0	0	549	2138	0	0	0	0	0	0	0	0	0	0	0	
10:37:04.313	467	0.6328381246382404	549	0	25922	0	0	0	10016	549	0	0	165410	165410	0	0	0	549	2138	0	0	0	0	0	0	0	0	0	0	0	
10:37:05.314	468	0.6328381246382404	549	0	25922	0	0	0	10016	549	0	0	165410	165410	0	0	0	549	2138	0	0	0	0	0	0	0	0	0	0	0	
10:37:06.315	469	0.6328381246382404	549	0	25922	0	0	0	10016	549	0	0	165410	165410	0	0	0	549	2138	0	0	0	0	0	0	0	0	0	0	0	
10:37:07.314	470	0.6328381246382404	549	0	25922	0	0	0	10016	549	0	0	165410	165410	0	0	0	549	2138	0	0	0	0	0	0	0	0	0	0	0	
10:37:08.314	471	0.6328381246382404	549	0	25922	0	0	0	10016	549	0	0	165410	165410	0	0	0	549	2138	0	0	0	0	0	0	0	0	0	0	0	
10:37:09.314	472	0.6328381246382404	549	0	25922	0	0	0	10016	549	0	0	165410	165410	0	0	0	549	2138	0	0	0	0	0	0	0	0	0	0	0	
10:37:10.314	473	0.6328381246382404	549	0	25922	0	0	0	10016	549	0	0	165410	165410	0	0	0	549	2138	0	0	0	0	0	0	0	0	0	0	0	
10:37:11.314	474	0.6328381246382404	549	0	25922	0	0	0	10016	549	0	0	165410	165410	0	0	0	549	2138	0	0	0	0	0	0	0	0	0	0	0	
10:37:12.314	475	0.6328381246382404	549	0	25922	0	0	0	10016	549	0	0	165410	165410	0	0	0	549	2138	0	0	0	0	0	0	0	0	0	0	0	
10:37:13.314	476	0.6328381246382404	549	0	25922	0	0	0	10016	549	0	0	165410	165410	0	0	0	549	2138	0	0	0	0	0	0	0	0	0	0	0	
10:37:14.314	477	0.6328381246382404	549	0	25922	0	0	0	10016	549	0	0	165410	165410	0	0	0	549	2138	0	0	0	0	0	0	0	0	0	0	0	
10:37:15.314	478	0.6328381246382404	549	0	25922	0	0	0	10016	549	0	0	165410	165410	0	0	0	549	2138	0	0	0	0	0	0	0	0	0	0	0	
10:37:16.314	479	0.6328381246382404	549	0	25922	0	0	0	10016	549	0	0	165410	165410	0	0	0	549	2138	0	0	0	0	0	0	0	0	0	0	0	
10:37:17.315	480	0.6328381246382404	549	0	25922	0	0	0	10016	549	0	0	165410	165410	0	0	0	549	2138	0	0	0	0	0	0	0	0	0	0	0	
10:37:18.314	481	0.6328381246382404	549	0	25922	0	0	0	10016	549	0	0	165410	165410	0	0	0	549	2138	0	0	0	0	0	0	0	0	0	0	0	
10:37:19.314	482	0.6328381246382404	549	0	25922	0	0	0	10016	549	0	0	165410	165410	0	0	0	549	2138	0	0	0	0	0	0	0	0	0	0	0	
10:37:20.314	483	0.6328381246382404	549	0	25922	0	0	0	10016	549	0	0	165410	165410	0	0	0	549	2138	0	0	0	0	0	0	0	0	0	0	0	
10:37:21.314	484	0.6328381246382404	549	0	25922	0	0	0	10016	549	0	0	165410	165410	0	0	0	549	2138	0	0	0	0	0	0	0	0	0	0	0	
10:37:22.314	485	0.6328381246382404	549	0	25922	0	0	0	10016	549	0	0	165410	165410	0	0	0	549	2138	0	0	0	0	0	0	0	0	0	0	0	
10:37:23.314	486	0.6328381246382404	549	0	25922	0	0	0	10016	549	0	0	165410	165410	0	0	0	549	2138	0	0	0	0	0	0	0	0	0	0	0	
10:37:24.315	487	0.6328381246382404	549	0	25922	0	0	0	10016	549	0	0	165410	165410	0	0	0	549	2138	0	0	0	0	0	0	0	0	0	0	0	
10:37:25.315	488	0.6328381246382404	549	0	25922	0	0	0	10016	549	0	0	165410	165410	0	0	0	549	2138	0	0	0	0	0	0	0	0	0	0	0	
10:37:26.315	489	0.6328381246382404	549	0	25922	0	0	0	10016	549	0	0	165410	165410	0	0	0	549	2138	0	0	0	0	0	0	0	0	0	0	0	
10:37:27.315	490	0.6328381246382404	549	0	25922	0	0	0	10016	549	0	0	165410	165410	0	0	0	549	2138	0	0	0	0	0	0	0	0	0	0	0	
10:37:28.315	491	0.6328381246382404	549	0	25922	0	0	0	10016	549	0	0	165410	165410	0	0	0	549	2138	0	0	0	0	0	0	0	0	0	0	0	
10:37:29.315	492	0.6328381246382404	549	0	25922	0	0	0	10016	549	0	0	165410	165410	0	0	0	549	2138	0	0	0	0	0	0	0	0	0	0	0	
10:37:30.315	493	0.6328381246382404	549	0	25922	0	0	0	10016	549	0	0	165410	165410	0	0	0	549	2138	0	0	0	0	0	0	0	0	0	0	0	
10:37:31.316	494	0.6328381246382404	549	0	25922	0	0	0	10016	549	0	0	165410	165410	0	0	0	549	2138	0	0	0	0	0	0	0	0	0	0	0	
10:37:32.317	495	0.6328381246382404	549	0	25922	0	0	0	10016	549	0	0	165410	165410	0	0	0	549	2138	0	0	0	0	0	0	0	0	0	0	0	
10:37:33.316	496	0.6328381246382404	549	0	25922	0	0	0	10016	549	0	0	165410	165410	0	0	0	549	2138	0	0	0	0	0	0	0	0	0	0	0	
10:37:34.316	497	0.6328381246382404	549	0	25922	0	0	0	10016	549	0	0	165410	165410	0	0	0	549	2138	0	0	0	0	0	0	0	0	0	0	0	
10:37:35.316	498	0.6328381246382404	549	0	25922	0	0	0	10016	549	0	0	165410	165410	0	0	0	549	2138	0	0	0	0	0	0	0	0	0	0	0	
10:37:36.316	499	0.6328381246382404	549	0	25922	0	0	0	10016	549	0	0	165410	165410	0	0	0	549	2138	0	0	0	0	0	0	0	0	0	0	0	
10:37:37.317	500	0.6328381246382404	549	0	25922	0	0	0	10016	549	0	0	165410	165410	0	0	0	549	2138	0	0	0	0	0	0	0	0	0	0	0	
10:37:38.316	501	0.6328381246382404	549	0	25922	0	0	0	10016	549	0	0	165410	165410	0	0	0	549	2138	0	0	0	0	0	0	0	0	0	0	0	
10:37:39.317	502	0.6328381246382404	549	0	25922	0	0	0	10016	549	0	0	165410	165410	0	0	0	549	2138	0	0	0	0	0	0	0	0	0	0	0	
10:37:40.316	503	0.6328381246382404	549	0	25922	0	0	0	10016	549	0	0	165410	165410	0	0	0	549	2138	0	0	0	0	0	0	0	0	0	0	0	
10:37:41.316	504	0.6328381246382404	549	0	25922	0	0	0	10016	549	0	0	165410	165410	0	0	0	549	2138	0	0	0	0	0	0	0	0	0	0	0	
10:37:42.316	505	0.6328381246382404	549	0	25922	0	0	0	10016	549	0	0	165410	165410	0	0	0	549	2138	0	0	0	0	0	0	0	0	0	0	0	
10:37:43.316	506	0.6328381246382404	549	0	25922	0	0	0	10016	549	0	0	165410	165410	0	0	0	549	2138	0	0	0	0	0	0	0	0	0	0	0	
10:37:44.316	507	0.6328381246382404	549	0	25922	0	0	0	10016	549	0	0	165410	165410	0	0	0	549	2138	0	0	0	0	0	0	0	0	0	0	0	
10:37:45.316	508	0.6328381246382404	549	0	25922	0	0	0	10016	549	0	0	165410	165410	0	0	0	549	2138	0	0	0	0	0	0	0	0	0	0	0	
10:37:46.317	509	0.6328381246382404	549	0	25922	0	0	0	10016	549	0	0	165410	165410	0	0	0	549	2138	0	0	0	0	0	0	0	0	0	0	0	
10:37:47.318	510	0.6328381246382404	549	0	25922	0	0	0	10016	549	0	0	165410	165410	0	0	0	549	2138	0	0	0	0	0	0	0	0	0	0	0	
10:37:48.318	511	0.6328381246382404	549	0	25922	0	0	0	10016	549	0	0	165410	165410	0	0	0	549	2138	0	0	0	0	0	0	0	0	0	0	0	
10:37:49.317	512	0.6328381246382404	549	0	25922	0	0	0	10016	549	0	0	165410	165410	0	0	0	549	2138	0	0	0	0	0	0	0	0	0	0	0	
10:37:50.317	513	0.6328381246382404	549	0	25922	0	0	0	10016	549	0	0	165410	165410	0	0	0	549	2138	0	0	0	0	0	0	0	0	0	0	0	
10:37:51.317	514	0.6328381246382404	549	0	25922	0	0	0	10016	549	0	0	165410	165410	0	0	0	549	2138	0	0	0	0	0	0	0	0	0	0	0	
10:37:52.317	515	0.6328381246382404	549	0	25922	0	0	0	10016	549	0	0	165410	165410	0	0	0	549	2138	0	0	0	0	0	0	0	0	0	0	0	
10:37:53.317	516	0.6328381246382404	549	0	25922	0	0	0	10016	549	0	0	165410	165410	0	0	0	549	2138	0	0	0	0	0	0	0	0	0	0	0	
10:37:54.318	517	0.6328381246382404	549	0	25922	0	0	0	10016	549	0	0	165410	165410	0	0	0	549	2138	0	0	0	0	0	0	0	0	0	0	0	
10:37:55.318	518	0.6328381246382404	549	0	25922	0	0	0	10016	549	0	0	165410	165410	0	0	0	549	2138	0	0	0	0	0	0	0	0	0	0	0	
10:37:56.318	519	0.6328381246382404	549	0	25922	0	0	0	10016	549	0	0	165410	165410	0	0	0	549	2138	0	0	0	0	0	0	0	0	0	0	0	
10:37:57.318	520	0.6328381246382404	549	0	25922	0	0	0	10016	549	0	0	165410	165410	0	0	0	549	2138	0	0	0	0	0	0	0	0	0	0	0	
10:37:58.318	521	0.6328381246382404	549	0	25922	0	0	0	10016	549	0	0	165410	165410	0	0	0	549	2138	0	0	0	0	0	0	0	0	0	0	0	
10:37:59.318	522	0.6328381246382404	549	0	25922	0	0	0	10016	549	0	0	165410	165410	0	0	0	549	2138	0	0	0	0	0	0	0	0	0	0	0	
10:38:00.319	523	0.6328381246382404	549	0	25922	0	0	0	10016	549	0	0	165410	165410	0	0	0	549	2138	0	0	0	0	0	0	0	0	0	0	0	
10:38:01.318	524	0.6328381246382404	549	0	25922	0	0	0	10016	549	0	0	165410	165410	0	0	0	549	2138	0	0	0	0	0	0	0	0	0	0	0	
10:38:02.318	525	0.6328381246382404	549	0	25922	0	0	0	10016	549	0	0	165410	165410	0	0	0	549	2138	0	0	0	0	0	0	0	0	0	0	0	
10:38:03.318	526	0.6328381246382404	549	0	25922	0	0	0	10016	549	0	0	165410	165410	0	0	0	549	2138	0	0	0	0	0	0	0	0	0	0	0	
10:38:04.319	527	0.6328381246382404	549	0	25922	0	0	0	10016	549	0	0	165410	165410	0	0	0	549	2138	0	0	0	0	0	0	0	0	0	0	0	
10:38:05.318	528	0.6328381246382404	549	0	25922	0	0	0	10016	549	0	0	165410	165410	0	0	0	549	2138	0	0	0	0	0	0	0	0	0	0	0	
10:38:06.319	529	0.6328381246382404	549	0	25922	0	0	0	10016	549	0	0	165410	165410	0	0	0	549	2138	0	0	0	0	0	0	0	0	0	0	0	
10:38:07.318	530	0.6328381246382404	549	0	25922	0	0	0	10016	549	0	0	165410	165410	0	0	0	549	2138	0	0	0	0	0	0	0	0	0	0	0	
10:38:08.318	531	0.6328381246382404	549	0	25922	0	0	0	10016	549	0	0	165410	165410	0	0	0	549	2138	0	0	0	0	0	0	0	0	0	0	0	
10:38:09.318	532	0.6328381246382404	549	0	25922	0	0	0	10016	549	0	0	165410	165410	0	0	0	549	2138	0	0	0	0	0	0	0	0	0	0	0	
10:38:10.318	533	0.6328381246382404	549	0	25922	0	0	0	10016	549	0	0	165410	165410	0	0	0	549	2138	0	0	0	0	0	0	0	0	0	0	0	
10:38:11.319	534	0.6328381246382404	549	0	25922	0	0	0	10016	549	0	0	165410	165410	0	0	0	549	2138	0	0	0	0	0	0	0	0	0	0	0	
10:38:12.319	535	0.6328381246382404	549	0	25922	0	0	0	10016	549	0	0	165410	165410	0	0	0	549	2138	0	0	0	0	0	0	0	0	0	0	0	
10:38:13.319	536	0.6328381246382404	549	0	25922	0	0	0	10016	549	0	0	165410	165410	0	0	0	549	2138	0	0	0	0	0	0	0	0	0	0	0	
10:38:14.319	537	0.6328381246382404	549	0	25922	0	0	0	10016	549	0	0	165410	165410	0	0	0	549	2138	0	0	0	0	0	0	0	0	0	0	0	
10:38:15.320	538	0.6328381246382404	549	0	25922	0	0	0	10016	549	0	0	165410	165410	0	0	0	549	2138	0	0	0	0	0	0	0	0	0	0	0	
10:38:16.320	539	0.6328381246382404	549	0	25922	0	0	0	10016	549	0	0	165410	165410	0	0	0	549	2138	0	0	0	0	0	0	0	0	0	0	0	
10:38:17.319	540	0.6328381246382404	549	0	25922	0	0	0	10016	549	0	0	165410	165410	0	0	0	549	2138	0	0	0	0	0	0	0	0	0	0	0	
10:38:18.319	541	0.6328381246382404	549	0	25922	0	0	0	10016	549	0	0	165410	165410	0	0	0	549	2138	0	0	0	0	0	0	0	0	0	0	0	
10:38:19.319	542	0.6328381246382404	549	0	25922	0	0	0	10016	549	0	0	165410	165410	0	0	0	549	2138	0	0	0	0	0	0	0	0	0	0	0	
10:38:20.319	543	0.6328381246382404	549	0	25922	0	0	0	10016	549	0	0	165410	165410	0	0	0	549	2138	0	0	0	0	0	0	0	0	0	0	0	
10:38:21.319	544	0.6328381246382404	549	0	25922	0	0	0	10016	549	0	0	165410	165410	0	0	0	549	2138	0	0	0	0	0	0	0	0	0	0	0	
10:38:22.319	545	0.6328381246382404	549	0	25922	0	0	0	10016	549	0	0	165410	165410	0	0	0	549	2138	0	0	0	0	0	0	0	0	0	0	0	
10:38:23.319	546	0.6328381246382404	549	0	25922	0	0	0	10016	549	0	0	165410	165410	0	0	0	549	2138	0	0	0	0	0	0	0	0	0	0	0	
10:38:24.319	547	0.6328381246382404	549	0	25922	0	0	0	10016	549	0	0	165410	165410	0	0	0	549	2138	0	0	0	0	0	0	0	0	0	0	0	
10:38:25.319	548	0.6328381246382404	549	0	25922	0	0	0	10016	549	0	0	165410	165410	0	0	0	549	2138	0	0	0	0	0	0	0	0	0	0	0	
10:38:26.319	549	0.6328381246382404	549	0	25922	0	0	0	10016	549	0	0	165410	165410	0	0	0	549	2138	0	0	0	0	0	0	0	0	0	0	0	
10:38:27.319	550	0.6328381246382404	549	0	25922	0	0	0	10016	549	0	0	165410	165410	0	0	0	549	2138	0	0	0	0	0	0	0	0	0	0	0	
10:38:28.319	551	0.6328381246382404	549	0	25922	0	0	0	10016	549	0	0	165410	165410	0	0	0	549	2138	0	0	0	0	0	0	0	0	0	0	0	
10:38:29.319	552	0.6328381246382404	549	0	25922	0	0	0	10016	549	0	0	165410	165410	0	0	0	549	2138	0	0	0	0	0	0	0	0	0	0	0	
10:38:30.319	553	0.6328381246382404	549	0	25922	0	0	0	10016	549	0	0	165410	165410	0	0	0	549	2138	0	0	0	0	0	0	0	0	0	0	0	
10:38:31.320	554	0.6328381246382404	549	0	25922	0	0	0	10016	549	0	0	165410	165410	0	0	0	549	2138	0	0	0	0	0	0	0	0	0	0	0	
10:38:32.321	555	0.6328381246382404	549	0	25922	0	0	0	10016	549	0	0	165410	165410	0	0	0	549	2138	0	0	0	0	0	0	0	0	0	0	0	
10:38:33.320	556	0.6328381246382404	549	0	25922	0	0	0	10016	549	0	0	165410	165410	0	0	0	549	2138	0	0	0	0	0	0	0	0	0	0	0	
10:38:34.320	557	0.6328381246382404	549	0	25922	0	0	0	10016	549	0	0	165410	165410	0	0	0	549	2138	0	0	0	0	0	0	0	0	0	0	0	
10:38:35.320	558	0.6328381246382404	549	0	25922	0	0	0	10016	549	0	0	165410	165410	0	0	0	549	2138	0	0	0	0	0	0	0	0	0	0	0	
10:38:36.320	559	0.6328381246382404	549	0	25922	0	0	0	10016	549	0	0	165410	165410	0	0	0	549	2138	0	0	0	0	0	0	0	0	0	0	0	
10:38:37.320	560	0.6328381246382404	549	0	25922	0	0	0	10016	549	0	0	165410	165410	0	0	0	549	2138	0	0	0	0	0	0	0	0	0	0	0	
10:38:38.320	561	0.6328381246382404	549	0	25922	0	0	0	10016	549	0	0	165410	165410	0	0	0	549	2138	0	0	0	0	0	0	0	0	0	0	0	
10:38:39.320	562	0.6328381246382404	549	0	25922	0	0	0	10016	549	0	0	165410	165410	0	0	0	549	2138	0	0	0	0	0	0	0	0	0	0	0	
10:38:40.320	563	0.6328381246382404	549	0	25922	0	0	0	10016	549	0	0	165410	165410	0	0	0	549	2138	0	0	0	0	0	0	0	0	0	0	0	
10:38:41.321	564	0.6328381246382404	549	0	25922	0	0	0	10016	549	0	0	165410	165410	0	0	0	549	2138	0	0	0	0	0	0	0	0	0	0	0	
10:38:42.321	565	0.6328381246382404	549	0	25922	0	0	0	10016	549	0	0	165410	165410	0	0	0	549	2138	0	0	0	0	0	0	0	0	0	0	0	
10:38:43.321	566	0.6328381246382404	549	0	25922	0	0	0	10016	549	0	0	165410	165410	0	0	0	549	2138	0	0	0	0	0	0	0	0	0	0	0	
10:38:44.321	567	0.6328381246382404	549	0	25922	0	0	0	10016	549	0	0	165410	165410	0	0	0	549	2138	0	0	0	0	0	0	0	0	0	0	0	
10:38:45.321	568	0.6328381246382404	549	0	25922	0	0	0	10016	549	0	0	165410	165410	0	0	0	549	2138	0	0	0	0	0	0	0	0	0	0	0	
10:38:46.321	569	0.6328381246382404	549	0	25922	0	0	0	10016	549	0	0	165410	165410	0	0	0	549	2138	0	0	0	0	0	0	0	0	0	0	0	
10:38:47.321	570	0.6328381246382404	549	0	25922	0	0	0	10016	549	0	0	165410	165410	0	0	0	549	2138	0	0	0	0	0	0	0	0	0	0	0	
10:38:48.321	571	0.6328381246382404	549	0	25922	0	0	0	10016	549	0	0	165410	165410	0	0	0	549	2138	0	0	0	0	0	0	0	0	0	0	0	
10:38:49.321	572	0.6328381246382404	549	0	25922	0	0	0	10016	549	0	0	165410	165410	0	0	0	549	2138	0	0	0	0	0	0	0	0	0	0	0	
10:38:50.321	573	0.6328381246382404	549	0	25922	0	0	0	10016	549	0	0	165410	165410	0	0	0	549	2138	0	0	0	0	0	0	0	0	0	0	0	
10:38:51.321	574	0.6328381246382404	549	0	25922	0	0	0	10016	549	0	0	165410	165410	0	0	0	549	2138	0	0	0	0	0	0	0	0	0	0	0	
10:38:52.321	575	0.6328381246382404	549	0	25922	0	0	0	10016	549	0	0	165410	165410	0	0	0	549	2138	0	0	0	0	0	0	0	0	0	0	0	
10:38:53.322	576	0.6328381246382404	549	0	25922	0	0	0	10016	549	0	0	165410	165410	0	0	0	549	2138	0	0	0	0	0	0	0	0	0	0	0	
10:38:54.321	577	0.6328381246382404	549	0	25922	0	0	0	10016	549	0	0	165410	165410	0	0	0	549	2138	0	0	0	0	0	0	0	0	0	0	0	
10:38:55.321	578	0.6328381246382404	549	0	25922	0	0	0	10016	549	0	0	165410	165410	0	0	0	549	2138	0	0	0	0	0	0	0	0	0	0	0	
10:38:56.321	579	0.6328381246382404	549	0	25922	0	0	0	10016	549	0	0	165410	165410	0	0	0	549	2138	0	0	0	0	0	0	0	0	0	0	0	
10:38:57.321	580	0.6328381246382404	549	0	25922	0	0	0	10016	549	0	0	165410	165410	0	0	0	549	2138	0	0	0	0	0	0	0	0	0	0	0	
10:38:58.322	581	0.6328381246382404	549	0	25922	0	0	0	10016	549	0	0	165410	165410	0	0	0	549	2138	0	0	0	0	0	0	0	0	0	0	0	
10:38:59.322	582	0.6328381246382404	549	0	25922	0	0	0	10016	549	0	0	165410	165410	0	0	0	549	2138	0	0	0	0	0	0	0	0	0	0	0	
10:39:00.322	583	0.6328381246382404	549	0	25922	0	0	0	10016	549	0	0	165410	165410	0	0	0	549	2138	0	0	0	0	0	0	0	0	0	0	0	
10:39:01.322	584	0.6328381246382404	549	0	25922	0	0	0	10016	549	0	0	165410	165410	0	0	0	549	2138	0	0	0	0	0	0	0	0	0	0	0	
10:39:02.323	585	0.6328381246382404	549	0	25922	0	0	0	10016	549	0	0	165410	165410	0	0	0	549	2138	0	0	0	0	0	0	0	0	0	0	0	
10:39:03.322	586	0.6328381246382404	549	0	25922	0	0	0	10016	549	0	0	165410	165410	0	0	0	549	2138	0	0	0	0	0	0	0	0	0	0	0	
10:39:04.322	587	0.6328381246382404	549	0	25922	0	0	0	10016	549	0	0	165410	165410	0	0	0	549	2138	0	0	0	0	0	0	0	0	0	0	0	
10:39:05.322	588	0.6328381246382404	549	0	25922	0	0	0	10016	549	0	0	165410	165410	0	0	0	549	2138	0	0	0	0	0	0	0	0	0	0	0	
10:39:06.322	589	0.6328381246382404	549	0	25922	0	0	0	10016	549	0	0	165410	165410	0	0	0	549	2138	0	0	0	0	0	0	0	0	0	0	0	
10:39:07.322	590	0.6328381246382404	549	0	25922	0	0	0	10016	549	0	0	165410	165410	0	0	0	549	2138	0	0	0	0	0	0	0	0	0	0	0	
10:39:08.323	591	0.6328381246382404	549	0	25922	0	0	0	10016	549	0	0	165410	165410	0	0	0	549	2138	0	0	0	0	0	0	0	0	0	0	0	
10:39:09.322	592	0.6328381246382404	549	0	25922	0	0	0	10016	549	0	0	165410	165410	0	0	0	549	2138	0	0	0	0	0	0	0	0	0	0	0	
10:39:10.322	593	0.6328381246382404	549	0	25922	0	0	0	10016	549	0	0	165410	165410	0	0	0	549	2138	0	0	0	0	0	0	0	0	0	0	0	
10:39:11.322	594	0.6328381246382404	549	0	25922	0	0	0	10016	549	0	0	165410	165410	0	0	0	549	2138	0	0	0	0	0	0	0	0	0	0	0	
10:39:12.323	595	0.6328381246382404	549	0	25922	0	0	0	10016	549	0	0	165410	165410	0	0	0	549	2138	0	0	0	0	0	0	0	0	0	0	0	
10:39:13.323	596	0.6328381246382404	549	0	25922	0	0	0	10016	549	0	0	165410	165410	0	0	0	549	2138	0	0	0	0	0	0	0	0	0	0	0	
10:39:14.322	597	0.6328381246382404	549	0	25922	0	0	0	10016	549	0	0	165410	165410	0	0	0	549	2138	0	0	0	0	0	0	0	0	0	0	0	
10:39:15.322	598	0.6328381246382404	549	0	25922	0	0	0	10016	549	0	0	165410	165410	0	0	0	549	2138	0	0	0	0	0	0	0	0	0	0	0	
10:39:16.322	599	0.6328381246382404	549	0	25922	0	0	0	10016	549	0	0	165410	165410	0	0	0	549	2138	0	0	0	0	0	0	0	0	0	0	0	
10:39:17.322	600	0.6328381246382404	549	0	25922	0	0	0	10016	549	0	0	165410	165410	0	0	0	549	2138	0	0	0	0	0	0	0	0	0	0	0	
10:39:18.322	601	0.6328381246382404	549	0	25922	0	0	0	10016	549	0	0	165410	165410	0	0	0	549	2138	0	0	0	0	0	0	0	0	0	0	0	
10:39:19.322	602	0.6328381246382404	549	0	25922	0	0	0	10016	549	0	0	165410	165410	0	0	0	549	2138	0	0	0	0	0	0	0	0	0	0	0	
10:39:20.322	603	0.6328381246382404	549	0	25922	0	0	0	10016	549	0	0	165410	165410	0	0	0	549	2138	0	0	0	0	0	0	0	0	0	0	0	
10:39:21.322	604	0.6328381246382404	549	0	25922	0	0	0	10016	549	0	0	165410	165410	0	0	0	549	2138	0	0	0	0	0	0	0	0	0	0	0	
10:39:22.322	605	0.6328381246382404	549	0	25922	0	0	0	10016	549	0	0	165410	165410	0	0	0	549	2138	0	0	0	0	0	0	0	0	0	0	0	
10:39:23.322	606	0.6328381246382404	549	0	25922	0	0	0	10016	549	0	0	165410	165410	0	0	0	549	2138	0	0	0	0	0	0	0	0	0	0	0	
10:39:24.322	607	0.6328381246382404	549	0	25922	0	0	0	10016	549	0	0	165410	165410	0	0	0	549	2138	0	0	0	0	0	0	0	0	0	0	0	
10:39:25.322	608	0.6328381246382404	549	0	25922	0	0	0	10016	549	0	0	165410	165410	0	0	0	549	2138	0	0	0	0	0	0	0	0	0	0	0	
10:39:26.322	609	0.6328381246382404	549	0	25922	0	0	0	10016	549	0	0	165410	165410	0	0	0	549	2138	0	0	0	0	0	0	0	0	0	0	0	
10:39:27.322	610	0.6328381246382404	549	0	25922	0	0	0	10016	549	0	0	165410	165410	0	0	0	549	2138	0	0	0	0	0	0	0	0	0	0	0	
10:39:28.322	611	0.6328381246382404	549	0	25922	0	0	0	10016	549	0	0	165410	165410	0	0	0	549	2138	0	0	0	0	0	0	0	0	0	0	0	
10:39:29.323	612	0.6328381246382404	549	0	25922	0	0	0	10016	549	0	0	165410	165410	0	0	0	549	2138	0	0	0	0	0	0	0	0	0	0	0	
10:39:30.323	613	0.6328381246382404	549	0	25922	0	0	0	10016	549	0	0	165410	165410	0	0	0	549	2138	0	0	0	0	0	0	0	0	0	0	0	
10:39:31.323	614	0.6328381246382404	549	0	25922	0	0	0	10016	549	0	0	165410	165410	0	0	0	549	2138	0	0	0	0	0	0	0	0	0	0	0	
10:39:32.324	615	0.6328381246382404	549	0	25922	0	0	0	10016	549	0	0	165410	165410	0	0	0	549	2138	0	0	0	0	0	0	0	0	0	0	0	
10:39:33.323	616	0.6328381246382404	549	0	25922	0	0	0	10016	549	0	0	165410	165410	0	0	0	549	2138	0	0	0	0	0	0	0	0	0	0	0	
10:39:34.323	617	0.6328381246382404	549	0	25922	0	0	0	10016	549	0	0	165410	165410	0	0	0	549	2138	0	0	0	0	0	0	0	0	0	0	0	
10:39:35.323	618	0.6328381246382404	549	0	25922	0	0	0	10016	549	0	0	165410	165410	0	0	0	549	2138	0	0	0	0	0	0	0	0	0	0	0	
10:39:36.323	619	0.6328381246382404	549	0	25922	0	0	0	10016	549	0	0	165410	165410	0	0	0	549	2138	0	0	0	0	0	0	0	0	0	0	0	
10:39:37.323	620	0.6328381246382404	549	0	25922	0	0	0	10016	549	0	0	165410	165410	0	0	0	549	2138	0	0	0	0	0	0	0	0	0	0	0	
10:39:38.323	621	0.6328381246382404	549	0	25922	0	0	0	10016	549	0	0	165410	165410	0	0	0	549	2138	0	0	0	0	0	0	0	0	0	0	0	
10:39:39.323	622	0.6328381246382404	549	0	25922	0	0	0	10016	549	0	0	165410	165410	0	0	0	549	2138	0	0	0	0	0	0	0	0	0	0	0	
10:39:40.323	623	0.6328381246382404	549	0	25922	0	0	0	10016	549	0	0	165410	165410	0	0	0	549	2138	0	0	0	0	0	0	0	0	0	0	0	
10:39:41.323	624	0.6328381246382404	549	0	25922	0	0	0	10016	549	0	0	165410	165410	0	0	0	549	2138	0	0	0	0	0	0	0	0	0	0	0	
10:39:42.323	625	0.6328381246382404	549	0	25922	0	0	0	10016	549	0	0	165410	165410	0	0	0	549	2138	0	0	0	0	0	0	0	0	0	0	0	
10:39:43.323	626	0.6328381246382404	549	0	25922	0	0	0	10016	549	0	0	165410	165410	0	0	0	549	2138	0	0	0	0	0	0	0	0	0	0	0	
10:39:44.323	627	0.6328381246382404	549	0	25922	0	0	0	10016	549	0	0	165410	165410	0	0	0	549	2138	0	0	0	0	0	0	0	0	0	0	0	
10:39:45.323	628	0.6328381246382404	549	0	25922	0	0	0	10016	549	0	0	165410	165410	0	0	0	549	2138	0	0	0	0	0	0	0	0	0	0	0	
10:39:46.323	629	0.6328381246382404	549	0	25922	0	0	0	10016	549	0	0	165410	165410	0	0	0	549	2138	0	0	0	0	0	0	0	0	0	0	0	
10:39:47.323	630	0.6328381246382404	549	0	25922	0	0	0	10016	549	0	0	165410	165410	0	0	0	549	2138	0	0	0	0	0	0	0	0	0	0	0	
10:39:48.323	631	0.6328381246382404	549	0	25922	0	0	0	10016	549	0	0	165410	165410	0	0	0	549	2138	0	0	0	0	0	0	0	0	0	0	0	
10:39:49.323	632	0.6328381246382404	549	0	25922	0	0	0	10016	549	0	0	165410	165410	0	0	0	549	2138	0	0	0	0	0	0	0	0	0	0	0	
10:39:50.323	633	0.6328381246382404	549	0	25922	0	0	0	10016	549	0	0	165410	165410	0	0	0	549	2138	0	0	0	0	0	0	0	0	0	0	0	
10:39:51.323	634	0.6328381246382404	549	0	25922	0	0	0	10016	549	0	0	165410	165410	0	0	0	549	2138	0	0	0	0	0	0	0	0	0	0	0	
10:39:52.323	635	0.6328381246382404	549	0	25922	0	0	0	10016	549	0	0	165410	165410	0	0	0	549	2138	0	0	0	0	0	0	0	0	0	0	0	
10:39:53.323	636	0.6328381246382404	549	0	25922	0	0	0	10016	549	0	0	165410	165410	0	0	0	549	2138	0	0	0	0	0	0	0	0	0	0	0	
10:39:54.324	637	0.6328381246382404	549	0	25922	0	0	0	10016	549	0	0	165410	165410	0	0	0	549	2138	0	0	0	0	0	0	0	0	0	0	0	
10:39:55.324	638	0.6328381246382404	549	0	25922	0	0	0	10016	549	0	0	165410	165410	0	0	0	549	2138	0	0	0	0	0	0	0	0	0	0	0	
10:39:56.324	639	0.6328381246382404	549	0	25922	0	0	0	10016	549	0	0	165410	165410	0	0	0	549	2138	0	0	0	0	0	0	0	0	0	0	0	
10:39:57.324	640	0.6328381246382404	549	0	25922	0	0	0	10016	549	0	0	165410	165410	0	0	0	549	2138	0	0	0	0	0	0	0	0	0	0	0	
10:39:58.325	641	0.6328381246382404	549	0	25922	0	0	0	10016	549	0	0	165410	165410	0	0	0	549	2138	0	0	0	0	0	0	0	0	0	0	0	
10:39:59.324	642	0.6328381246382404	549	0	25922	0	0	0	10016	549	0	0	165410	165410	0	0	0	549	2138	0	0	0	0	0	0	0	0	0	0	0	
10:40:00.325	643	0.6328381246382404	549	0	25922	0	0	0	10016	549	0	0	165410	165410	0	0	0	549	2138	0	0	0	0	0	0	0	0	0	0	0	
10:40:01.325	644	0.6328381246382404	549	0	25922	0	0	0	10016	549	0	0	165410	165410	0	0	0	549	2138	0	0	0	0	0	0	0	0	0	0	0	
10:40:02.325	645	0.6328381246382404	549	0	25922	0	0	0	10016	549	0	0	165410	165410	0	0	0	549	2138	0	0	0	0	0	0	0	0	0	0	0	
10:40:03.325	646	0.6328381246382404	549	0	25922	0	0	0	10016	549	0	0	165410	165410	0	0	0	549	2138	0	0	0	0	0	0	0	0	0	0	0	
10:40:04.325	647	0.6328381246382404	549	0	25922	0	0	0	10016	549	0	0	165410	165410	0	0	0	549	2138	0	0	0	0	0	0	0	0	0	0	0	
10:40:05.326	648	0.6328381246382404	549	0	25922	0	0	0	10016	549	0	0	165410	165410	0	0	0	549	2138	0	0	0	0	0	0	0	0	0	0	0	
10:40:06.327	649	0.6328381246382404	549	0	25922	0	0	0	10016	549	0	0	165410	165410	0	0	0	549	2138	0	0	0	0	0	0	0	0	0	0	0	
10:40:07.326	650	0.6328381246382404	549	0	25922	0	0	0	10016	549	0	0	165410	165410	0	0	0	549	2138	0	0	0	0	0	0	0	0	0	0	0	
10:40:08.326	651	0.6328381246382404	549	0	25922	0	0	0	10016	549	0	0	165410	165410	0	0	0	549	2138	0	0	0	0	0	0	0	0	0	0	0	
10:40:09.326	652	0.6328381246382404	549	0	25922	0	0	0	10016	549	0	0	165410	165410	0	0	0	549	2138	0	0	0	0	0	0	0	0	0	0	0	
10:40:10.326	653	0.6328381246382404	549	0	25922	0	0	0	10016	549	0	0	165410	165410	0	0	0	549	2138	0	0	0	0	0	0	0	0	0	0	0	
10:40:11.327	654	0.6328381246382404	549	0	25922	0	0	0	10016	549	0	0	165410	165410	0	0	0	549	2138	0	0	0	0	0	0	0	0	0	0	0	
10:40:12.326	655	0.6328381246382404	549	0	25922	0	0	0	10016	549	0	0	165410	165410	0	0	0	549	2138	0	0	0	0	0	0	0	0	0	0	0	
10:40:13.326	656	0.6328381246382404	549	0	25922	0	0	0	10016	549	0	0	165410	165410	0	0	0	549	2138	0	0	0	0	0	0	0	0	0	0	0	
10:40:14.326	657	0.6328381246382404	549	0	25922	0	0	0	10016	549	0	0	165410	165410	0	0	0	549	2138	0	0	0	0	0	0	0	0	0	0	0	
10:40:15.327	658	0.6328381246382404	549	0	25922	0	0	0	10016	549	0	0	165410	165410	0	0	0	549	2138	0	0	0	0	0	0	0	0	0	0	0	
10:40:16.327	659	0.6328381246382404	549	0	25922	0	0	0	10016	549	0	0	165410	165410	0	0	0	549	2138	0	0	0	0	0	0	0	0	0	0	0	
10:40:17.326	660	0.6328381246382404	549	0	25922	0	0	0	10016	549	0	0	165410	165410	0	0	0	549	2138	0	0	0	0	0	0	0	0	0	0	0	
10:40:18.327	661	0.6328381246382404	549	0	25922	0	0	0	10016	549	0	0	165410	165410	0	0	0	549	2138	0	0	0	0	0	0	0	0	0	0	0	
10:40:19.327	662	0.6328381246382404	549	0	25922	0	0	0	10016	549	0	0	165410	165410	0	0	0	549	2138	0	0	0	0	0	0	0	0	0	0	0	
10:40:20.326	663	0.6328381246382404	549	0	25922	0	0	0	10016	549	0	0	165410	165410	0	0	0	549	2138	0	0	0	0	0	0	0	0	0	0	0	
10:40:21.326	664	0.6328381246382404	549	0	25922	0	0	0	10016	549	0	0	165410	165410	0	0	0	549	2138	0	0	0	0	0	0	0	0	0	0	0	
10:40:22.326	665	0.6328381246382404	549	0	25922	0	0	0	10016	549	0	0	165410	165410	0	0	0	549	2138	0	0	0	0	0	0	0	0	0	0	0	
10:40:23.326	666	0.6328381246382404	549	0	25922	0	0	0	10016	549	0	0	165410	165410	0	0	0	549	2138	0	0	0	0	0	0	0	0	0	0	0	
10:40:24.326	667	0.6328381246382404	549	0	25922	0	0	0	10016	549	0	0	165410	165410	0	0	0	549	2138	0	0	0	0	0	0	0	0	0	0	0	
10:40:25.326	668	0.6328381246382404	549	0	25922	0	0	0	10016	549	0	0	165410	165410	0	0	0	549	2138	0	0	0	0	0	0	0	0	0	0	0	
10:40:26.327	669	0.6328381246382404	549	0	25922	0	0	0	10016	549	0	0	165410	165410	0	0	0	549	2138	0	0	0	0	0	0	0	0	0	0	0	
10:40:27.326	670	0.6328381246382404	549	0	25922	0	0	0	10016	549	0	0	165410	165410	0	0	0	549	2138	0	0	0	0	0	0	0	0	0	0	0	
10:40:28.326	671	0.6328381246382404	549	0	25922	0	0	0	10016	549	0	0	165410	165410	0	0	0	549	2138	0	0	0	0	0	0	0	0	0	0	0	
10:40:29.326	672	0.6328381246382404	549	0	25922	0	0	0	10016	549	0	0	165410	165410	0	0	0	549	2138	0	0	0	0	0	0	0	0	0	0	0	
10:40:30.326	673	0.6328381246382404	549	0	25922	0	0	0	10016	549	0	0	165410	165410	0	0	0	549	2138	0	0	0	0	0	0	0	0	0	0	0	
10:40:31.326	674	0.6328381246382404	549	0	25922	0	0	0	10016	549	0	0	165410	165410	0	0	0	549	2138	0	0	0	0	0	0	0	0	0	0	0	
10:40:32.327	675	0.6328381246382404	549	0	25922	0	0	0	10016	549	0	0	165410	165410	0	0	0	549	2138	0	0	0	0	0	0	0	0	0	0	0	
10:40:33.327	676	0.6328381246382404	549	0	25922	0	0	0	10016	549	0	0	165410	165410	0	0	0	549	2138	0	0	0	0	0	0	0	0	0	0	0	
10:40:34.327	677	0.6328381246382404	549	0	25922	0	0	0	10016	549	0	0	165410	165410	0	0	0	549	2138	0	0	0	0	0	0	0	0	0	0	0	
10:40:35.327	678	0.6328381246382404	549	0	25922	0	0	0	10016	549	0	0	165410	165410	0	0	0	549	2138	0	0	0	0	0	0	0	0	0	0	0	
10:40:36.327	679	0.6328381246382404	549	0	25922	0	0	0	10016	549	0	0	165410	165410	0	0	0	549	2138	0	0	0	0	0	0	0	0	0	0	0	
10:40:37.328	680	0.6328381246382404	549	0	25922	0	0	0	10016	549	0	0	165410	165410	0	0	0	549	2138	0	0	0	0	0	0	0	0	0	0	0	
10:40:38.329	681	0.6328381246382404	549	0	25922	0	0	0	10016	549	0	0	165410	165410	0	0	0	549	2138	0	0	0	0	0	0	0	0	0	0	0	
10:40:39.329	682	0.6328381246382404	549	0	25922	0	0	0	10016	549	0	0	165410	165410	0	0	0	549	2138	0	0	0	0	0	0	0	0	0	0	0	
10:40:40.329	683	0.6328381246382404	549	0	25922	0	0	0	10016	549	0	0	165410	165410	0	0	0	549	2138	0	0	0	0	0	0	0	0	0	0	0	
10:40:41.329	684	0.6328381246382404	549	0	25922	0	0	0	10016	549	0	0	165410	165410	0	0	0	549	2138	0	0	0	0	0	0	0	0	0	0	0	
10:40:42.329	685	0.6328381246382404	549	0	25922	0	0	0	10016	549	0	0	165410	165410	0	0	0	549	2138	0	0	0	0	0	0	0	0	0	0	0	
10:40:43.329	686	0.6328381246382404	549	0	25922	0	0	0	10016	549	0	0	165410	165410	0	0	0	549	2138	0	0	0	0	0	0	0	0	0	0	0	
10:40:44.329	687	0.6328381246382404	549	0	25922	0	0	0	10016	549	0	0	165410	165410	0	0	0	549	2138	0	0	0	0	0	0	0	0	0	0	0	
10:40:45.329	688	0.6328381246382404	549	0	25922	0	0	0	10016	549	0	0	165410	165410	0	0	0	549	2138	0	0	0	0	0	0	0	0	0	0	0	
10:40:46.329	689	0.6328381246382404	549	0	25922	0	0	0	10016	549	0	0	165410	165410	0	0	0	549	2138	0	0	0	0	0	0	0	0	0	0	0	
10:40:47.329	690	0.6328381246382404	549	0	25922	0	0	0	10016	549	0	0	165410	165410	0	0	0	549	2138	0	0	0	0	0	0	0	0	0	0	0	
10:40:48.329	691	0.6328381246382404	549	0	25922	0	0	0	10016	549	0	0	165410	165410	0	0	0	549	2138	0	0	0	0	0	0	0	0	0	0	0	
10:40:49.329	692	0.6328381246382404	549	0	25922	0	0	0	10016	549	0	0	165410	165410	0	0	0	549	2138	0	0	0	0	0	0	0	0	0	0	0	
10:40:50.329	693	0.6328381246382404	549	0	25922	0	0	0	10016	549	0	0	165410	165410	0	0	0	549	2138	0	0	0	0	0	0	0	0	0	0	0	
10:40:51.329	694	0.6328381246382404	549	0	25922	0	0	0	10016	549	0	0	165410	165410	0	0	0	549	2138	0	0	0	0	0	0	0	0	0	0	0	
10:40:52.330	695	0.6328381246382404	549	0	25922	0	0	0	10016	549	0	0	165410	165410	0	0	0	549	2138	0	0	0	0	0	0	0	0	0	0	0	
10:40:53.329	696	0.6328381246382404	549	0	25922	0	0	0	10016	549	0	0	165410	165410	0	0	0	549	2138	0	0	0	0	0	0	0	0	0	0	0	
10:40:54.329	697	0.6328381246382404	549	0	25922	0	0	0	10016	549	0	0	165410	165410	0	0	0	549	2138	0	0	0	0	0	0	0	0	0	0	0	
10:40:55.329	698	0.6328381246382404	549	0	25922	0	0	0	10016	549	0	0	165410	165410	0	0	0	549	2138	0	0	0	0	0	0	0	0	0	0	0	
10:40:56.329	699	0.6328381246382404	549	0	25922	0	0	0	10016	549	0	0	165410	165410	0	0	0	549	2138	0	0	0	0	0	0	0	0	0	0	0	
10:40:57.329	700	0.6328381246382404	549	0	25922	0	0	0	10016	549	0	0	165410	165410	0	0	0	549	2138	0	0	0	0	0	0	0	0	0	0	0	
