# Comment
statistic /home/florian/Desktop/stat/nokeepalive.dat

msg_delay 300

node_add 0,0,0,0,0,0,0,0,0,0
node_add 0,0,0,0,0,0,0,0,0,0
node_add 0,0,0,0,0,0,0,0,0,0
node_add 0,0,0,0,0,0,0,0,0,0
node_add 0,0,0,0,0,0,0,0,0,0
wait 5000
node_add 0,0,0,0,0,0,0,0,0,0
node_add 0,0,0,0,0,0,0,0,0,0
node_add 0,0,0,0,0,0,0,0,0,0
node_add 0,0,0,0,0,0,0,0,0,0
node_add 0,0,0,0,0,0,0,0,0,0
wait 5000
node_add 0,0,0,0,0,0,0,0,0,0
node_add 0,0,0,0,0,0,0,0,0,0
node_add 0,0,0,0,0,0,0,0,0,0
node_add 0,0,0,0,0,0,0,0,0,0
node_add 0,0,0,0,0,0,0,0,0,0
wait 5000
node_add 0,0,0,0,0,0,0,0,0,0
node_add 0,0,0,0,0,0,0,0,0,0
node_add 0,0,0,0,0,0,0,0,0,0
node_add 0,0,0,0,0,0,0,0,0,0
node_add 0,0,0,0,0,0,0,0,0,0
wait 5000
node_add 0,0,0,0,0,0,0,0,0,0
node_add 0,0,0,0,0,0,0,0,0,0
node_add 0,0,0,0,0,0,0,0,0,0
node_add 0,0,0,0,0,0,0,0,0,0
node_add 0,0,0,0,0,0,0,0,0,0
wait 5000
node_add 0,0,0,0,0,0,0,0,0,0
node_add 0,0,0,0,0,0,0,0,0,0
node_add 0,0,0,0,0,0,0,0,0,0
node_add 0,0,0,0,0,0,0,0,0,0
node_add 0,0,0,0,0,0,0,0,0,0
wait 5000
node_add 0,0,0,0,0,0,0,0,0,0
node_add 0,0,0,0,0,0,0,0,0,0
node_add 0,0,0,0,0,0,0,0,0,0
node_add 0,0,0,0,0,0,0,0,0,0
node_add 0,0,0,0,0,0,0,0,0,0
wait 5000
node_add 0,0,0,0,0,0,0,0,0,0
node_add 0,0,0,0,0,0,0,0,0,0
node_add 0,0,0,0,0,0,0,0,0,0
node_add 0,0,0,0,0,0,0,0,0,0
node_add 0,0,0,0,0,0,0,0,0,0
wait 5000
node_add 0,0,0,0,0,0,0,0,0,0
node_add 0,0,0,0,0,0,0,0,0,0
node_add 0,0,0,0,0,0,0,0,0,0
node_add 0,0,0,0,0,0,0,0,0,0
node_add 0,0,0,0,0,0,0,0,0,0
wait 5000
node_add 0,0,0,0,0,0,0,0,0,0
node_add 0,0,0,0,0,0,0,0,0,0
node_add 0,0,0,0,0,0,0,0,0,0
node_add 0,0,0,0,0,0,0,0,0,0
node_add 0,0,0,0,0,0,0,0,0,0
wait 5000
node_add 0,0,0,0,0,0,0,0,0,0
node_add 0,0,0,0,0,0,0,0,0,0
node_add 0,0,0,0,0,0,0,0,0,0
node_add 0,0,0,0,0,0,0,0,0,0
node_add 0,0,0,0,0,0,0,0,0,0