# TriggerType: TRIGGER_SECOND
#-----
#TimeStamp	Sec	Hth	Con	ConD	Fin	FinD	Data	DataD	Pkt	PktD
14:34:07.603	0	9.742790335151988E-5	6	6	33	33	58867	58867	2467	2467	
14:34:08.583	1	9.742790335151988E-5	7	1	45	12	60724	1857	2520	53	
14:34:09.583	2	9.742790335151988E-5	7	0	45	0	60724	0	2520	0	
14:34:10.583	3	9.742790335151988E-5	7	0	45	0	60724	0	2520	0	
14:34:11.583	4	9.742790335151988E-5	7	0	45	0	60724	0	2520	0	
14:34:12.583	5	8.768511301636789E-4	35	28	353	308	175245	114521	6225	3705	
14:34:13.583	6	0.004579111457521434	67	32	1507	1154	366062	190817	9042	2817	
14:34:14.584	7	0.004968823070927514	67	0	1598	91	379348	13286	9224	182	
14:34:15.583	8	0.004968823070927514	67	0	1598	0	379348	0	9224	0	
14:34:16.583	9	0.004968823070927514	67	0	1598	0	379348	0	9224	0	
14:34:17.583	10	0.015198752922837101	162	95	2796	1198	701855	322507	16279	7055	
14:34:18.583	11	0.05563133281371785	269	107	10579	7783	3666403	2964548	57279	41000	
14:34:19.583	12	0.06381527669524552	271	2	11372	793	4081831	415428	62971	5692	
14:34:20.584	13	0.06381527669524552	271	0	11372	0	4081904	73	62972	1	
14:34:21.584	14	0.06381527669524552	271	0	11372	0	4081904	0	62972	0	
14:34:22.583	15	0.08554169914263444	401	130	12701	1329	4525642	443738	71230	8258	
14:34:23.583	16	0.1636788776305534	558	157	24081	11380	10570552	6044910	154448	83218	
14:34:24.583	17	0.26256819953234606	560	2	30035	5954	15331752	4761200	219672	65224	
14:34:25.583	18	0.2637373343725643	560	0	30068	33	15366135	34383	220143	471	
14:34:26.583	19	0.2637373343725643	560	0	30068	0	15366135	0	220143	0	
14:34:27.584	20	0.28565861262665626	661	101	30916	848	15708428	342293	226184	6041	
14:34:28.583	21	0.3389516757599376	808	147	38198	7282	21690681	5982253	308393	82209	
14:34:29.583	22	0.409294621979735	814	6	44853	6655	27916897	6226216	393689	85296	
14:34:30.583	23	0.46541309431021044	814	0	47447	2594	30719367	2802470	432079	38390	
14:34:31.584	24	0.46541309431021044	814	0	47447	0	30719513	146	432081	2	
14:34:32.584	25	0.47807872174590804	863	49	47827	380	30878878	159365	434858	2777	
14:34:33.585	26	0.53205378020265	940	77	52361	4534	36088594	5209716	506338	71480	
14:34:34.585	27	0.5968433359314107	940	0	55483	3122	39310668	3222074	550476	44138	
14:34:35.585	28	0.5969407638347622	940	0	55485	2	39313077	2409	550509	33	
14:34:36.585	29	0.5969407638347622	940	0	55485	0	39313077	0	550509	0	
14:34:37.585	30	0.6023967264224473	964	24	55645	160	39380262	67185	551614	1105	
14:34:38.585	31	0.6466289945440374	991	27	57868	2223	42526695	3146433	594747	43133	
14:34:39.586	32	0.6557872174590803	991	0	58096	228	42995501	468806	601169	6422	
14:34:40.585	33	0.6557872174590803	991	0	58141	45	43179826	184325	603694	2525	
14:34:41.585	34	0.6637763055339049	991	0	58918	777	44364178	1184352	619918	16224	
14:34:42.585	35	0.6642634450506625	993	2	58929	11	44371897	7719	620053	135	
14:34:43.585	36	0.6687451286048324	997	4	59090	161	44759669	387772	625369	5316	
14:34:44.585	37	0.6703039750584567	997	0	59128	38	44808433	48764	626037	668	
14:34:45.585	38	0.6703039750584567	997	0	59128	0	44808433	0	626037	0	
14:34:46.585	39	0.6703039750584567	997	0	59128	0	44808433	0	626037	0	
14:34:47.585	40	0.6704014029618083	997	0	59130	2	44808911	478	626051	14	
14:34:48.585	41	0.671278254091972	998	1	59155	25	44879969	71058	627025	974	
14:34:49.585	42	0.671278254091972	998	0	59155	0	44881721	1752	627049	24	
14:34:50.585	43	0.671278254091972	998	0	59155	0	44881721	0	627049	0	
14:34:51.586	44	0.671278254091972	998	0	59167	12	45021735	140014	628967	1918	
14:34:52.586	45	0.676344505066251	998	0	59728	561	46260119	1238384	645935	16968	
14:34:53.586	46	0.676539360872954	999	1	59733	5	46335849	75730	646973	1038	
14:34:54.586	47	0.676539360872954	999	0	59733	0	46339134	3285	647018	45	
14:34:55.586	48	0.676539360872954	999	0	59733	0	46339134	0	647018	0	
14:34:56.586	49	0.676539360872954	999	0	59733	0	46339134	0	647018	0	
14:34:57.587	50	0.676539360872954	999	0	59733	0	46339134	0	647018	0	
14:34:58.587	51	0.676539360872954	999	0	59733	0	46339134	0	647018	0	
14:34:59.588	52	0.676539360872954	999	0	59733	0	46339134	0	647018	0	
14:35:00.588	53	0.676539360872954	999	0	59733	0	46339134	0	647018	0	
14:35:01.589	54	0.676539360872954	999	0	59733	0	46339134	0	647018	0	
14:35:02.588	55	0.676539360872954	999	0	59744	11	46532365	193231	649665	2647	
14:35:03.588	56	0.6818978955572876	999	0	60216	472	48079965	1547600	670865	21200	
14:35:04.588	57	0.6818978955572876	999	0	60222	6	48089382	9417	670994	129	
14:35:05.588	58	0.6818978955572876	999	0	60222	0	48089382	0	670994	0	
14:35:06.588	59	0.6818978955572876	999	0	60222	0	48089382	0	670994	0	
14:35:07.588	60	0.6818978955572876	999	0	60222	0	48089382	0	670994	0	
14:35:08.588	61	0.6818978955572876	999	0	60222	0	48089382	0	670994	0	
14:35:09.588	62	0.6818978955572876	999	0	60222	0	48089382	0	670994	0	
14:35:10.588	63	0.6818978955572876	999	0	60222	0	48089382	0	670994	0	
14:35:11.589	64	0.6818978955572876	999	0	60222	0	48089382	0	670994	0	
14:35:12.588	65	0.6818978955572876	999	0	60222	0	48089382	0	670994	0	
14:35:13.588	66	0.6818978955572876	999	0	60228	6	48220125	130743	672785	1791	
14:35:14.589	67	0.6869641465315667	999	0	60612	384	49690564	1470439	692928	20143	
14:35:15.589	68	0.6869641465315667	999	0	60612	0	49693776	3212	692972	44	
14:35:16.590	69	0.6869641465315667	999	0	60612	0	49693776	0	692972	0	
14:35:17.589	70	0.6869641465315667	999	0	60612	0	49693776	0	692972	0	
14:35:18.590	71	0.6869641465315667	999	0	60612	0	49693776	0	692972	0	
14:35:19.589	72	0.6869641465315667	999	0	60612	0	49693776	0	692972	0	
14:35:20.589	73	0.6869641465315667	999	0	60612	0	49693776	0	692972	0	
14:35:21.589	74	0.6869641465315667	999	0	60612	0	49693776	0	692972	0	
14:35:22.589	75	0.6869641465315667	999	0	60612	0	49693776	0	692972	0	
14:35:23.590	76	0.6869641465315667	999	0	60612	0	49693776	0	692972	0	
14:35:24.590	77	0.6869641465315667	999	0	60612	0	49863501	169725	695297	2325	
14:35:25.590	78	0.6952455183164459	999	0	60997	385	50930396	1066895	709912	14615	
14:35:26.590	79	0.6953429462197973	999	0	60999	2	50933535	3139	709955	43	
14:35:27.590	80	0.6953429462197973	999	0	60999	0	50933535	0	709955	0	
14:35:28.590	81	0.6953429462197973	999	0	60999	0	50933535	0	709955	0	
14:35:29.590	82	0.6953429462197973	999	0	60999	0	50933535	0	709955	0	
14:35:30.590	83	0.6953429462197973	999	0	60999	0	50933535	0	709955	0	
14:35:31.590	84	0.6953429462197973	999	0	60999	0	50933535	0	709955	0	
14:35:32.591	85	0.6953429462197973	999	0	60999	0	50933535	0	709955	0	
14:35:33.591	86	0.6953429462197973	999	0	60999	0	50933535	0	709955	0	
14:35:34.592	87	0.6953429462197973	999	0	60999	0	50933535	0	709955	0	
14:35:35.591	88	0.6953429462197973	999	0	60999	0	51052087	118552	711579	1624	
14:35:36.591	89	0.703332034294622	999	0	61649	650	52531359	1479272	731843	20264	
14:35:37.592	90	0.703721745908028	999	0	61659	10	52537929	6570	731933	90	
14:35:38.591	91	0.703721745908028	999	0	61659	0	52537929	0	731933	0	
14:35:39.591	92	0.703721745908028	999	0	61659	0	52537929	0	731933	0	
14:35:40.591	93	0.703721745908028	999	0	61659	0	52537929	0	731933	0	
14:35:41.592	94	0.703721745908028	999	0	61659	0	52537929	0	731933	0	
14:35:42.591	95	0.703721745908028	999	0	61659	0	52537929	0	731933	0	
14:35:43.592	96	0.703721745908028	999	0	61659	0	52537929	0	731933	0	
14:35:44.591	97	0.703721745908028	999	0	61659	0	52537929	0	731933	0	
14:35:45.591	98	0.703721745908028	999	0	61659	0	52537929	0	731933	0	
14:35:46.591	99	0.703721745908028	999	0	61659	0	52637355	99426	733295	1362	
14:35:47.592	100	0.7071317225253313	999	0	61817	158	53685270	1047915	747650	14355	
14:35:48.592	101	0.7073265783320343	999	0	61844	27	53704761	19491	747917	267	
14:35:49.592	102	0.7073265783320343	999	0	61844	0	53704761	0	747917	0	
14:35:50.592	103	0.7073265783320343	999	0	61844	0	53704761	0	747917	0	
14:35:51.592	104	0.7073265783320343	999	0	61844	0	53704761	0	747917	0	
14:35:52.593	105	0.7073265783320343	999	0	61844	0	53704761	0	747917	0	
14:35:53.593	106	0.7073265783320343	999	0	61844	0	53704761	0	747917	0	
14:35:54.593	107	0.7073265783320343	999	0	61844	0	53704761	0	747917	0	
14:35:55.593	108	0.7073265783320343	999	0	61844	0	53704761	0	747917	0	
14:35:56.593	109	0.7073265783320343	999	0	61844	0	53704761	0	747917	0	
14:35:57.594	110	0.7073265783320343	999	0	61844	0	53747466	42705	748502	585	
14:35:58.593	111	0.710639127045986	999	0	62056	212	55302877	1555411	769809	21307	
14:35:59.593	112	0.710639127045986	999	0	62056	0	55309155	6278	769895	86	
14:36:00.594	113	0.710639127045986	999	0	62056	0	55309155	0	769895	0	
14:36:01.593	114	0.710639127045986	999	0	62056	0	55309155	0	769895	0	
14:36:02.594	115	0.710639127045986	999	0	62056	0	55309155	0	769895	0	
14:36:03.593	116	0.710639127045986	999	0	62056	0	55309155	0	769895	0	
14:36:04.593	117	0.710639127045986	999	0	62056	0	55309155	0	769895	0	
14:36:05.593	118	0.710639127045986	999	0	62056	0	55309155	0	769895	0	
14:36:06.593	119	0.710639127045986	999	0	62056	0	55309155	0	769895	0	
14:36:07.594	120	0.710639127045986	999	0	62056	0	55309155	0	769895	0	
14:36:08.594	121	0.710639127045986	999	0	62056	0	55388360	79205	770980	1085	
14:36:09.594	122	0.71794621979735	999	0	62428	372	56837556	1449196	790832	19852	
14:36:10.595	123	0.71794621979735	999	0	62430	2	56840622	3066	790874	42	
14:36:11.595	124	0.71794621979735	999	0	62430	0	56840622	0	790874	0	
14:36:12.596	125	0.71794621979735	999	0	62430	0	56840622	0	790874	0	
14:36:13.595	126	0.71794621979735	999	0	62430	0	56840622	0	790874	0	
14:36:14.596	127	0.71794621979735	999	0	62430	0	56840622	0	790874	0	
14:36:15.595	128	0.71794621979735	999	0	62430	0	56840622	0	790874	0	
14:36:16.596	129	0.71794621979735	999	0	62430	0	56840622	0	790874	0	
14:36:17.595	130	0.71794621979735	999	0	62430	0	56840622	0	790874	0	
14:36:18.595	131	0.71794621979735	999	0	62430	0	56840622	0	790874	0	
14:36:19.595	132	0.71794621979735	999	0	62430	0	56948297	107675	792349	1475	
14:36:20.595	133	0.7213561964146532	999	0	62679	249	58370848	1422551	811836	19487	
14:36:21.595	134	0.7213561964146532	999	0	62679	0	58372089	1241	811853	17	
14:36:22.595	135	0.7213561964146532	999	0	62679	0	58372089	0	811853	0	
14:36:23.596	136	0.7213561964146532	999	0	62679	0	58372089	0	811853	0	
14:36:24.595	137	0.7213561964146532	999	0	62679	0	58372089	0	811853	0	
14:36:25.595	138	0.7213561964146532	999	0	62679	0	58372089	0	811853	0	
14:36:26.595	139	0.7213561964146532	999	0	62679	0	58372089	0	811853	0	
14:36:27.595	140	0.7213561964146532	999	0	62679	0	58372089	0	811853	0	
14:36:28.595	141	0.7213561964146532	999	0	62679	0	58372089	0	811853	0	
14:36:29.595	142	0.7213561964146532	999	0	62679	0	58372089	0	811853	0	
14:36:30.596	143	0.7213561964146532	999	0	62679	0	58459762	87673	813054	1201	
14:36:31.595	144	0.7246687451286048	999	0	62902	223	59825665	1365903	831765	18711	
14:36:32.595	145	0.7246687451286048	999	0	62904	2	59830629	4964	831833	68	
14:36:33.595	146	0.7246687451286048	999	0	62904	0	59830629	0	831833	0	
14:36:34.595	147	0.7246687451286048	999	0	62904	0	59830629	0	831833	0	
14:36:35.595	148	0.7246687451286048	999	0	62904	0	59830629	0	831833	0	
14:36:36.595	149	0.7246687451286048	999	0	62904	0	59830629	0	831833	0	
14:36:37.595	150	0.7246687451286048	999	0	62904	0	59830629	0	831833	0	
14:36:38.595	151	0.7246687451286048	999	0	62904	0	59830629	0	831833	0	
14:36:39.596	152	0.7246687451286048	999	0	62904	0	59830629	0	831833	0	
14:36:40.595	153	0.7246687451286048	999	0	62904	0	59830629	0	831833	0	
14:36:41.595	154	0.7246687451286048	999	0	62904	0	59914725	84096	832985	1152	
14:36:42.595	155	0.7298324240062354	999	0	63145	241	61430497	1515772	853749	20764	
14:36:43.595	156	0.7299298519095869	999	0	63148	3	61435023	4526	853811	62	
14:36:44.596	157	0.7299298519095869	999	0	63148	0	61435023	0	853811	0	
14:36:45.595	158	0.7299298519095869	999	0	63148	0	61435023	0	853811	0	
14:36:46.595	159	0.7299298519095869	999	0	63148	0	61435023	0	853811	0	
14:36:47.595	160	0.7299298519095869	999	0	63148	0	61435023	0	853811	0	
14:36:48.595	161	0.7299298519095869	999	0	63148	0	61435023	0	853811	0	
14:36:49.595	162	0.7299298519095869	999	0	63148	0	61435023	0	853811	0	
14:36:50.595	163	0.7299298519095869	999	0	63148	0	61435023	0	853811	0	
14:36:51.596	164	0.7299298519095869	999	0	63148	0	61435023	0	853811	0	
14:36:52.595	165	0.7299298519095869	999	0	63148	0	61453784	18761	854068	257	
14:36:53.596	166	0.7396726422447389	999	0	63592	444	63601298	2147514	883486	29418	
14:36:54.595	167	0.740062353858145	999	0	63637	45	63622833	21535	883781	295	
14:36:55.595	168	0.740062353858145	999	0	63637	0	63622833	0	883781	0	
14:36:56.595	169	0.740062353858145	999	0	63637	0	63622833	0	883781	0	
14:36:57.595	170	0.740062353858145	999	0	63637	0	63622833	0	883781	0	
14:36:58.595	171	0.740062353858145	999	0	63637	0	63622833	0	883781	0	
14:36:59.595	172	0.740062353858145	999	0	63637	0	63622833	0	883781	0	
14:37:00.595	173	0.740062353858145	999	0	63637	0	63622833	0	883781	0	
14:37:01.596	174	0.740062353858145	999	0	63637	0	63622833	0	883781	0	
14:37:02.595	175	0.740062353858145	999	0	63637	0	63622833	0	883781	0	
14:37:03.595	176	0.740062353858145	999	0	63637	0	63631593	8760	883901	120	
14:37:04.595	177	0.7436671862821512	999	0	63753	116	64903983	1272390	901331	17430	
14:37:05.595	178	0.7447388932190179	999	0	63783	30	64935519	31536	901763	432	
14:37:06.595	179	0.7447388932190179	999	0	63783	0	64935519	0	901763	0	
14:37:07.595	180	0.7447388932190179	999	0	63783	0	64935519	0	901763	0	
14:37:08.595	181	0.7447388932190179	999	0	63783	0	64935519	0	901763	0	
14:37:09.595	182	0.7447388932190179	999	0	63783	0	64935519	0	901763	0	
14:37:10.596	183	0.7447388932190179	999	0	63783	0	64935519	0	901763	0	
14:37:11.595	184	0.7447388932190179	999	0	63783	0	64935519	0	901763	0	
14:37:12.596	185	0.7447388932190179	999	0	63783	0	64935519	0	901763	0	
14:37:13.596	186	0.7447388932190179	999	0	63783	0	64935519	0	901763	0	
14:37:14.596	187	0.7447388932190179	999	0	63783	0	64944133	8614	901881	118	
14:37:15.596	188	0.747954014029618	999	0	63987	204	66412747	1468614	921999	20118	
14:37:16.597	189	0.7485385814497272	999	0	64060	73	66466986	54239	922742	743	
14:37:17.596	190	0.7485385814497272	999	0	64060	0	66466986	0	922742	0	
14:37:18.596	191	0.7485385814497272	999	0	64060	0	66466986	0	922742	0	
14:37:19.596	192	0.7485385814497272	999	0	64060	0	66466986	0	922742	0	
14:37:20.596	193	0.7485385814497272	999	0	64060	0	66466986	0	922742	0	
14:37:21.596	194	0.7485385814497272	999	0	64060	0	66466986	0	922742	0	
14:37:22.596	195	0.7485385814497272	999	0	64060	0	66466986	0	922742	0	
14:37:23.597	196	0.7485385814497272	999	0	64060	0	66466986	0	922742	0	
14:37:24.597	197	0.7485385814497272	999	0	64060	0	66466986	0	922742	0	
14:37:25.598	198	0.7485385814497272	999	0	64060	0	66474067	7081	922839	97	
14:37:26.598	199	0.7527279812938426	999	0	64223	163	67976334	1502267	943418	20579	
14:37:27.598	200	0.7538971161340607	999	0	64245	22	67998453	22119	943721	303	
14:37:28.598	201	0.7538971161340607	999	0	64245	0	67998453	0	943721	0	
14:37:29.598	202	0.7538971161340607	999	0	64245	0	67998453	0	943721	0	
14:37:30.599	203	0.7538971161340607	999	0	64245	0	67998453	0	943721	0	
14:37:31.598	204	0.7538971161340607	999	0	64245	0	67998453	0	943721	0	
14:37:32.599	205	0.7538971161340607	999	0	64245	0	67998453	0	943721	0	
14:37:33.599	206	0.7538971161340607	999	0	64245	0	67998453	0	943721	0	
14:37:34.600	207	0.7538971161340607	999	0	64245	0	67998453	0	943721	0	
14:37:35.600	208	0.7538971161340607	999	0	64245	0	67998453	0	943721	0	
14:37:36.600	209	0.7538971161340607	999	0	64245	0	68002103	3650	943771	50	
14:37:37.600	210	0.7575993764614185	999	0	64438	193	69934194	1932091	970238	26467	
14:37:38.600	211	0.7583787996882307	999	0	64453	15	69967482	33288	970694	456	
14:37:39.600	212	0.7583787996882307	999	0	64453	0	69967482	0	970694	0	
14:37:40.601	213	0.7583787996882307	999	0	64453	0	69967482	0	970694	0	
14:37:41.601	214	0.7583787996882307	999	0	64453	0	69967482	0	970694	0	
14:37:42.601	215	0.7583787996882307	999	0	64453	0	69967482	0	970694	0	
14:37:43.601	216	0.7583787996882307	999	0	64453	0	69967482	0	970694	0	
14:37:44.601	217	0.7583787996882307	999	0	64453	0	69967482	0	970694	0	
14:37:45.602	218	0.7583787996882307	999	0	64453	0	69967482	0	970694	0	
14:37:46.601	219	0.7583787996882307	999	0	64453	0	69967482	0	970694	0	
14:37:47.602	220	0.7583787996882307	999	0	64453	0	69968212	730	970704	10	
14:37:48.601	221	0.7620810600155885	999	0	64583	130	72211721	2243509	1001437	30733	
14:37:49.602	222	0.7636399064692128	999	0	64644	61	72301146	89425	1002662	1225	
14:37:50.601	223	0.7636399064692128	999	0	64644	0	72301146	0	1002662	0	
14:37:51.601	224	0.7636399064692128	999	0	64644	0	72301146	0	1002662	0	
14:37:52.601	225	0.7636399064692128	999	0	64644	0	72301146	0	1002662	0	
14:37:53.601	226	0.7636399064692128	999	0	64644	0	72301146	0	1002662	0	
14:37:54.601	227	0.7636399064692128	999	0	64644	0	72301146	0	1002662	0	
14:37:55.602	228	0.7636399064692128	999	0	64644	0	72301146	0	1002662	0	
14:37:56.601	229	0.7636399064692128	999	0	64644	0	72301146	0	1002662	0	
14:37:57.601	230	0.7636399064692128	999	0	64644	0	72301146	0	1002662	0	
14:37:58.601	231	0.7636399064692128	999	0	64644	0	72302533	1387	1002681	19	
14:37:59.601	232	0.7667575993764614	999	0	64732	88	74134541	1832008	1027777	25096	
14:38:00.602	233	0.7671473109898675	999	0	64746	14	74197248	62707	1028636	859	
14:38:01.601	234	0.7671473109898675	999	0	64746	0	74197248	0	1028636	0	
14:38:02.601	235	0.7671473109898675	999	0	64746	0	74197248	0	1028636	0	
14:38:03.601	236	0.7671473109898675	999	0	64746	0	74197248	0	1028636	0	
14:38:04.601	237	0.7671473109898675	999	0	64746	0	74197248	0	1028636	0	
14:38:05.601	238	0.7671473109898675	999	0	64746	0	74197248	0	1028636	0	
14:38:06.601	239	0.7671473109898675	999	0	64746	0	74197248	0	1028636	0	
14:38:07.602	240	0.7671473109898675	999	0	64746	0	74197248	0	1028636	0	
14:38:08.602	241	0.7671473109898675	999	0	64746	0	74197248	0	1028636	0	
14:38:09.602	242	0.7671473109898675	999	0	64746	0	74200095	2847	1028675	39	
14:38:10.602	243	0.7724084177708496	999	0	64892	146	75690901	1490806	1049097	20422	
14:38:11.602	244	0.7726032735775527	999	0	64901	9	75728715	37814	1049615	518	
14:38:12.603	245	0.7726032735775527	999	0	64901	0	75728715	0	1049615	0	
14:38:13.602	246	0.7726032735775527	999	0	64901	0	75728715	0	1049615	0	
14:38:14.602	247	0.7726032735775527	999	0	64901	0	75728715	0	1049615	0	
14:38:15.602	248	0.7726032735775527	999	0	64901	0	75728715	0	1049615	0	
14:38:16.602	249	0.7726032735775527	999	0	64901	0	75728715	0	1049615	0	
14:38:17.602	250	0.7726032735775527	999	0	64901	0	75728715	0	1049615	0	
14:38:18.602	251	0.7726032735775527	999	0	64901	0	75728715	0	1049615	0	
14:38:19.603	252	0.7726032735775527	999	0	64901	0	75728715	0	1049615	0	
14:38:20.602	253	0.7726032735775527	999	0	64901	0	75728715	0	1049615	0	
14:38:21.602	254	0.7773772408417771	999	0	65183	282	77992810	2264095	1080630	31015	
14:38:22.602	255	0.7795206547155106	999	0	65248	65	78062379	69569	1081583	953	
14:38:23.602	256	0.7795206547155106	999	0	65248	0	78062379	0	1081583	0	
14:38:24.603	257	0.7795206547155106	999	0	65248	0	78062379	0	1081583	0	
14:38:25.602	258	0.7795206547155106	999	0	65248	0	78062379	0	1081583	0	
14:38:26.603	259	0.7795206547155106	999	0	65248	0	78062379	0	1081583	0	
14:38:27.602	260	0.7795206547155106	999	0	65248	0	78062379	0	1081583	0	
14:38:28.603	261	0.7795206547155106	999	0	65248	0	78062379	0	1081583	0	
14:38:29.602	262	0.7795206547155106	999	0	65248	0	78062379	0	1081583	0	
14:38:30.603	263	0.7795206547155106	999	0	65248	0	78062379	0	1081583	0	
14:38:31.603	264	0.7795206547155106	999	0	65248	0	78063693	1314	1081601	18	
14:38:32.604	265	0.781664068589244	999	0	65365	117	79664291	1600598	1103527	21926	
14:38:33.604	266	0.7826383476227592	999	0	65409	44	79739700	75409	1104560	1033	
14:38:34.604	267	0.7826383476227592	999	0	65409	0	79739700	0	1104560	0	
14:38:35.604	268	0.7826383476227592	999	0	65409	0	79739700	0	1104560	0	
14:38:36.604	269	0.7826383476227592	999	0	65409	0	79739700	0	1104560	0	
14:38:37.604	270	0.7826383476227592	999	0	65409	0	79739700	0	1104560	0	
14:38:38.604	271	0.7826383476227592	999	0	65409	0	79739700	0	1104560	0	
14:38:39.604	272	0.7826383476227592	999	0	65409	0	79739700	0	1104560	0	
14:38:40.604	273	0.7826383476227592	999	0	65409	0	79739700	0	1104560	0	
14:38:41.604	274	0.7826383476227592	999	0	65409	0	79739700	0	1104560	0	
14:38:42.605	275	0.7826383476227592	999	0	65409	0	79740357	657	1104569	9	
14:38:43.604	276	0.7882891660171473	999	0	65540	131	81258538	1518181	1125366	20797	
14:38:44.604	277	0.789360872954014	999	0	65573	33	81344094	85556	1126538	1172	
14:38:45.604	278	0.789360872954014	999	0	65573	0	81344094	0	1126538	0	
14:38:46.605	279	0.789360872954014	999	0	65573	0	81344094	0	1126538	0	
14:38:47.605	280	0.789360872954014	999	0	65573	0	81344094	0	1126538	0	
14:38:48.606	281	0.789360872954014	999	0	65573	0	81344094	0	1126538	0	
14:38:49.605	282	0.789360872954014	999	0	65573	0	81344094	0	1126538	0	
14:38:50.606	283	0.789360872954014	999	0	65573	0	81344094	0	1126538	0	
14:38:51.605	284	0.789360872954014	999	0	65573	0	81344094	0	1126538	0	
14:38:52.605	285	0.789360872954014	999	0	65573	0	81344094	0	1126538	0	
14:38:53.605	286	0.789360872954014	999	0	65573	0	81345481	1387	1126557	19	
14:38:54.605	287	0.7931605611847233	999	0	65680	107	82683644	1338163	1144888	18331	
14:38:55.606	288	0.7936477007014809	999	0	65694	14	82729707	46063	1145519	631	
14:38:56.605	289	0.7936477007014809	999	0	65694	0	82729707	0	1145519	0	
14:38:57.605	290	0.7936477007014809	999	0	65694	0	82729707	0	1145519	0	
14:38:58.606	291	0.7936477007014809	999	0	65694	0	82729707	0	1145519	0	
14:38:59.606	292	0.7936477007014809	999	0	65694	0	82729707	0	1145519	0	
14:39:00.606	293	0.7936477007014809	999	0	65694	0	82729707	0	1145519	0	
14:39:01.606	294	0.7936477007014809	999	0	65694	0	82729707	0	1145519	0	
14:39:02.606	295	0.7936477007014809	999	0	65694	0	82729707	0	1145519	0	
14:39:03.606	296	0.7936477007014809	999	0	65694	0	82729707	0	1145519	0	
14:39:04.606	297	0.7936477007014809	999	0	65694	0	82731094	1387	1145538	19	
14:39:05.607	298	0.7977396726422448	999	0	65796	102	84627488	1896394	1171516	25978	
14:39:06.607	299	0.79871395167576	999	0	65832	36	84698736	71248	1172492	976	
14:39:07.608	300	0.79871395167576	999	0	65832	0	84698736	0	1172492	0	
14:39:08.607	301	0.79871395167576	999	0	65832	0	84698736	0	1172492	0	
14:39:09.607	302	0.79871395167576	999	0	65832	0	84698736	0	1172492	0	
14:39:10.607	303	0.79871395167576	999	0	65832	0	84698736	0	1172492	0	
14:39:11.607	304	0.79871395167576	999	0	65832	0	84698736	0	1172492	0	
14:39:12.608	305	0.79871395167576	999	0	65832	0	84698736	0	1172492	0	
14:39:13.607	306	0.79871395167576	999	0	65832	0	84698736	0	1172492	0	
14:39:14.608	307	0.79871395167576	999	0	65832	0	84698736	0	1172492	0	
14:39:15.607	308	0.79871395167576	999	0	65832	0	84703116	4380	1172552	60	
14:39:16.608	309	0.8007599376461418	999	0	65929	97	86035147	1332031	1190799	18247	
14:39:17.607	310	0.8036827747466875	999	0	66055	126	86084349	49202	1191473	674	
14:39:18.607	311	0.8036827747466875	999	0	66055	0	86084349	0	1191473	0	
14:39:19.607	312	0.8036827747466875	999	0	66055	0	86084349	0	1191473	0	
14:39:20.608	313	0.8036827747466875	999	0	66055	0	86084349	0	1191473	0	
14:39:21.607	314	0.8036827747466875	999	0	66055	0	86084349	0	1191473	0	
14:39:22.608	315	0.8036827747466875	999	0	66055	0	86084349	0	1191473	0	
14:39:23.607	316	0.8036827747466875	999	0	66055	0	86084349	0	1191473	0	
14:39:24.607	317	0.8036827747466875	999	0	66055	0	86084349	0	1191473	0	
14:39:25.607	318	0.8036827747466875	999	0	66055	0	86084349	0	1191473	0	
14:39:26.607	319	0.8036827747466875	999	0	66055	0	86085882	1533	1191494	21	
14:39:27.608	320	0.8046570537802027	999	0	66085	30	87734587	1648705	1214079	22585	
14:39:28.607	321	0.8049493374902572	999	0	66091	6	87761670	27083	1214450	371	
14:39:29.607	322	0.8049493374902572	999	0	66091	0	87761670	0	1214450	0	
14:39:30.607	323	0.8049493374902572	999	0	66091	0	87761670	0	1214450	0	
14:39:31.607	324	0.8049493374902572	999	0	66091	0	87761670	0	1214450	0	
14:39:32.607	325	0.8049493374902572	999	0	66091	0	87761670	0	1214450	0	
14:39:33.607	326	0.8049493374902572	999	0	66091	0	87761670	0	1214450	0	
14:39:34.607	327	0.8049493374902572	999	0	66091	0	87761670	0	1214450	0	
14:39:35.607	328	0.8049493374902572	999	0	66091	0	87761670	0	1214450	0	
14:39:36.608	329	0.8049493374902572	999	0	66091	0	87761670	0	1214450	0	
14:39:37.608	330	0.8049493374902572	999	0	66091	0	87763130	1460	1214470	20	
14:39:38.609	331	0.8087490257209665	999	0	66301	210	89765009	2001879	1241893	27423	
14:39:39.608	332	0.8093335931410756	999	0	66321	20	89803626	38617	1242422	529	
14:39:40.609	333	0.8093335931410756	999	0	66321	0	89803626	0	1242422	0	
14:39:41.608	334	0.8093335931410756	999	0	66321	0	89803626	0	1242422	0	
14:39:42.609	335	0.8093335931410756	999	0	66321	0	89803626	0	1242422	0	
14:39:43.608	336	0.8093335931410756	999	0	66321	0	89803626	0	1242422	0	
14:39:44.609	337	0.8093335931410756	999	0	66321	0	89803626	0	1242422	0	
14:39:45.609	338	0.8093335931410756	999	0	66321	0	89803626	0	1242422	0	
14:39:46.610	339	0.8093335931410756	999	0	66321	0	89803626	0	1242422	0	
14:39:47.609	340	0.8093335931410756	999	0	66321	0	89803626	0	1242422	0	
14:39:48.609	341	0.8093335931410756	999	0	66321	0	89803626	0	1242422	0	
14:39:49.609	342	0.8141075604053001	999	0	66446	125	91964791	2161165	1272027	29605	
14:39:50.609	343	0.8164458300857366	999	0	66499	53	92064363	99572	1273391	1364	
14:39:51.610	344	0.8164458300857366	999	0	66499	0	92064363	0	1273391	0	
14:39:52.609	345	0.8164458300857366	999	0	66499	0	92064363	0	1273391	0	
14:39:53.610	346	0.8164458300857366	999	0	66499	0	92064363	0	1273391	0	
14:39:54.609	347	0.8164458300857366	999	0	66499	0	92064363	0	1273391	0	
14:39:55.610	348	0.8164458300857366	999	0	66499	0	92064363	0	1273391	0	
14:39:56.610	349	0.8164458300857366	999	0	66499	0	92064363	0	1273391	0	
14:39:57.611	350	0.8164458300857366	999	0	66499	0	92064363	0	1273391	0	
14:39:58.610	351	0.8164458300857366	999	0	66499	0	92064363	0	1273391	0	
14:39:59.610	352	0.8164458300857366	999	0	66499	0	92064363	0	1273391	0	
14:40:00.610	353	0.8188815276695246	999	0	66605	106	94025216	1960853	1300252	26861	
14:40:01.610	354	0.8205378020265004	999	0	66650	45	94106319	81103	1301363	1111	
14:40:02.610	355	0.8205378020265004	999	0	66650	0	94106319	0	1301363	0	
14:40:03.611	356	0.8205378020265004	999	0	66650	0	94106319	0	1301363	0	
14:40:04.611	357	0.8205378020265004	999	0	66650	0	94106319	0	1301363	0	
14:40:05.612	358	0.8205378020265004	999	0	66650	0	94106319	0	1301363	0	
14:40:06.612	359	0.8205378020265004	999	0	66650	0	94106319	0	1301363	0	
14:40:07.612	360	0.8205378020265004	999	0	66650	0	94106319	0	1301363	0	
14:40:08.612	361	0.8205378020265004	999	0	66650	0	94106319	0	1301363	0	
14:40:09.612	362	0.8205378020265004	999	0	66650	0	94106319	0	1301363	0	
14:40:10.612	363	0.8205378020265004	999	0	66650	0	94106319	0	1301363	0	
14:40:11.612	364	0.8217069368667186	999	0	66691	41	95480544	1374225	1320188	18825	
14:40:12.612	365	0.8220966484801248	999	0	66709	18	95564859	84315	1321343	1155	
14:40:13.612	366	0.8220966484801248	999	0	66709	0	95564859	0	1321343	0	
14:40:14.612	367	0.8220966484801248	999	0	66709	0	95564859	0	1321343	0	
14:40:15.612	368	0.8220966484801248	999	0	66709	0	95564859	0	1321343	0	
14:40:16.613	369	0.8220966484801248	999	0	66709	0	95564859	0	1321343	0	
14:40:17.612	370	0.8220966484801248	999	0	66709	0	95564859	0	1321343	0	
14:40:18.612	371	0.8220966484801248	999	0	66709	0	95564859	0	1321343	0	
14:40:19.613	372	0.8220966484801248	999	0	66709	0	95564859	0	1321343	0	
14:40:20.613	373	0.8220966484801248	999	0	66709	0	95564859	0	1321343	0	
14:40:21.614	374	0.8220966484801248	999	0	66709	0	95564859	0	1321343	0	
14:40:22.613	375	0.8239477786438035	999	0	66771	62	97780190	2215331	1351690	30347	
14:40:23.613	376	0.8255066250974279	999	0	66867	96	97898523	118333	1353311	1621	
14:40:24.613	377	0.8255066250974279	999	0	66867	0	97898523	0	1353311	0	
14:40:25.613	378	0.8255066250974279	999	0	66867	0	97898523	0	1353311	0	
14:40:26.613	379	0.8255066250974279	999	0	66867	0	97898523	0	1353311	0	
14:40:27.613	380	0.8255066250974279	999	0	66867	0	97898523	0	1353311	0	
14:40:28.613	381	0.8255066250974279	999	0	66867	0	97898523	0	1353311	0	
14:40:29.613	382	0.8255066250974279	999	0	66867	0	97898523	0	1353311	0	
14:40:30.614	383	0.8255066250974279	999	0	66867	0	97898523	0	1353311	0	
14:40:31.614	384	0.8255066250974279	999	0	66867	0	97898523	0	1353311	0	
14:40:32.615	385	0.8255066250974279	999	0	66867	0	97898523	0	1353311	0	
14:40:33.615	386	0.8318394388152767	999	0	67007	140	99740532	1842009	1378544	25233	
14:40:34.616	387	0.8331060015588464	999	0	67033	26	99794625	54093	1379285	741	
14:40:35.615	388	0.8331060015588464	999	0	67033	0	99794625	0	1379285	0	
14:40:36.615	389	0.8331060015588464	999	0	67033	0	99794625	0	1379285	0	
14:40:37.615	390	0.8331060015588464	999	0	67033	0	99794625	0	1379285	0	
14:40:38.616	391	0.8331060015588464	999	0	67033	0	99794625	0	1379285	0	
14:40:39.616	392	0.8331060015588464	999	0	67033	0	99794625	0	1379285	0	
14:40:40.617	393	0.8331060015588464	999	0	67033	0	99794625	0	1379285	0	
14:40:41.616	394	0.8331060015588464	999	0	67033	0	99794625	0	1379285	0	
14:40:42.616	395	0.8331060015588464	999	0	67033	0	99794625	0	1379285	0	
14:40:43.616	396	0.8331060015588464	999	0	67033	0	99795939	1314	1379303	18	
14:40:44.616	397	0.8362236944660951	999	0	67110	77	100781658	985719	1392806	13503	
14:40:45.617	398	0.8377825409197194	999	0	67141	31	100815603	33945	1393271	465	
14:40:46.617	399	0.8377825409197194	999	0	67141	0	100815603	0	1393271	0	
14:40:47.618	400	0.8377825409197194	999	0	67141	0	100815603	0	1393271	0	
14:40:48.618	401	0.8377825409197194	999	0	67141	0	100815603	0	1393271	0	
14:40:49.618	402	0.8377825409197194	999	0	67141	0	100815603	0	1393271	0	
14:40:50.619	403	0.8377825409197194	999	0	67141	0	100815603	0	1393271	0	
14:40:51.618	404	0.8377825409197194	999	0	67141	0	100815603	0	1393271	0	
14:40:52.619	405	0.8377825409197194	999	0	67141	0	100815603	0	1393271	0	
14:40:53.618	406	0.8377825409197194	999	0	67141	0	100815603	0	1393271	0	
14:40:54.618	407	0.8377825409197194	999	0	67141	0	100820640	5037	1393340	69	
14:40:55.618	408	0.840315666406859	999	0	67202	61	102336558	1515918	1414106	20766	
14:40:56.618	409	0.8404130943102105	999	0	67203	1	102347070	10512	1414250	144	
14:40:57.619	410	0.8404130943102105	999	0	67203	0	102347070	0	1414250	0	
14:40:58.618	411	0.8404130943102105	999	0	67203	0	102347070	0	1414250	0	
14:40:59.618	412	0.8404130943102105	999	0	67203	0	102347070	0	1414250	0	
14:41:00.618	413	0.8404130943102105	999	0	67203	0	102347070	0	1414250	0	
14:41:01.619	414	0.8404130943102105	999	0	67203	0	102347070	0	1414250	0	
14:41:02.618	415	0.8404130943102105	999	0	67203	0	102347070	0	1414250	0	
14:41:03.618	416	0.8404130943102105	999	0	67203	0	102347070	0	1414250	0	
14:41:04.618	417	0.8404130943102105	999	0	67203	0	102347070	0	1414250	0	
14:41:05.618	418	0.8404130943102105	999	0	67203	0	102353859	6789	1414343	93	
14:41:06.618	419	0.8449922057677319	999	0	67315	112	104163529	1809670	1439133	24790	
14:41:07.619	420	0.8450896336710834	999	0	67321	6	104170245	6716	1439225	92	
14:41:08.618	421	0.8450896336710834	999	0	67321	0	104170245	0	1439225	0	
14:41:09.618	422	0.8450896336710834	999	0	67321	0	104170245	0	1439225	0	
14:41:10.618	423	0.8450896336710834	999	0	67321	0	104170245	0	1439225	0	
14:41:11.618	424	0.8450896336710834	999	0	67321	0	104170245	0	1439225	0	
14:41:12.618	425	0.8450896336710834	999	0	67321	0	104170245	0	1439225	0	
14:41:13.618	426	0.8450896336710834	999	0	67321	0	104170245	0	1439225	0	
14:41:14.618	427	0.8450896336710834	999	0	67321	0	104170245	0	1439225	0	
14:41:15.618	428	0.8450896336710834	999	0	67321	0	104170245	0	1439225	0	
14:41:16.618	429	0.8450896336710834	999	0	67321	0	104192656	22411	1439532	307	
14:41:17.619	430	0.8497661730319563	999	0	67435	114	106277463	2084807	1468091	28559	
14:41:18.618	431	0.8500584567420109	999	0	67440	5	106285128	7665	1468196	105	
14:41:19.619	432	0.8500584567420109	999	0	67440	0	106285128	0	1468196	0	
14:41:20.618	433	0.8500584567420109	999	0	67440	0	106285128	0	1468196	0	
14:41:21.618	434	0.8500584567420109	999	0	67440	0	106285128	0	1468196	0	
14:41:22.619	435	0.8500584567420109	999	0	67440	0	106285128	0	1468196	0	
14:41:23.619	436	0.8500584567420109	999	0	67440	0	106285128	0	1468196	0	
14:41:24.619	437	0.8500584567420109	999	0	67440	0	106285128	0	1468196	0	
14:41:25.619	438	0.8500584567420109	999	0	67440	0	106285128	0	1468196	0	
14:41:26.619	439	0.8500584567420109	999	0	67440	0	106285128	0	1468196	0	
14:41:27.619	440	0.8500584567420109	999	0	67440	0	106289508	4380	1468256	60	
14:41:28.620	441	0.8520070148090413	999	0	67501	61	108270582	1981074	1495394	27138	
14:41:29.620	442	0.8522992985190959	999	0	67509	8	108327084	56502	1496168	774	
14:41:30.620	443	0.8522992985190959	999	0	67509	0	108327084	0	1496168	0	
14:41:31.619	444	0.8522992985190959	999	0	67509	0	108327084	0	1496168	0	
14:41:32.619	445	0.8522992985190959	999	0	67509	0	108327084	0	1496168	0	
14:41:33.619	446	0.8522992985190959	999	0	67509	0	108327084	0	1496168	0	
14:41:34.619	447	0.8522992985190959	999	0	67509	0	108327084	0	1496168	0	
14:41:35.619	448	0.8522992985190959	999	0	67509	0	108327084	0	1496168	0	
14:41:36.619	449	0.8522992985190959	999	0	67509	0	108327084	0	1496168	0	
14:41:37.619	450	0.8522992985190959	999	0	67509	0	108327084	0	1496168	0	
14:41:38.619	451	0.8522992985190959	999	0	67509	0	108327084	0	1496168	0	
14:41:39.619	452	0.8544427123928293	999	0	67554	45	110038861	1711777	1519617	23449	
14:41:40.619	453	0.8550272798129385	999	0	67568	14	110150259	111398	1521143	1526	
14:41:41.619	454	0.8550272798129385	999	0	67568	0	110150259	0	1521143	0	
14:41:42.619	455	0.8550272798129385	999	0	67568	0	110150259	0	1521143	0	
14:41:43.620	456	0.8550272798129385	999	0	67568	0	110150259	0	1521143	0	
14:41:44.620	457	0.8550272798129385	999	0	67568	0	110150259	0	1521143	0	
14:41:45.620	458	0.8550272798129385	999	0	67568	0	110150259	0	1521143	0	
14:41:46.619	459	0.8550272798129385	999	0	67568	0	110150259	0	1521143	0	
14:41:47.619	460	0.8550272798129385	999	0	67568	0	110150259	0	1521143	0	
14:41:48.619	461	0.8550272798129385	999	0	67568	0	110150259	0	1521143	0	
14:41:49.619	462	0.8550272798129385	999	0	67568	0	110150259	0	1521143	0	
14:41:50.619	463	0.857755261106781	999	0	67692	124	112117828	1967569	1548096	26953	
14:41:51.619	464	0.8590218238503508	999	0	67727	35	112192215	74387	1549115	1019	
14:41:52.619	465	0.8590218238503508	999	0	67727	0	112192215	0	1549115	0	
14:41:53.619	466	0.8590218238503508	999	0	67727	0	112192215	0	1549115	0	
14:41:54.620	467	0.8590218238503508	999	0	67727	0	112192215	0	1549115	0	
14:41:55.619	468	0.8590218238503508	999	0	67727	0	112192215	0	1549115	0	
14:41:56.619	469	0.8590218238503508	999	0	67727	0	112192215	0	1549115	0	
14:41:57.619	470	0.8590218238503508	999	0	67727	0	112192215	0	1549115	0	
14:41:58.619	471	0.8590218238503508	999	0	67727	0	112192215	0	1549115	0	
14:41:59.619	472	0.8590218238503508	999	0	67727	0	112192215	0	1549115	0	
14:42:00.619	473	0.8590218238503508	999	0	67727	0	112192215	0	1549115	0	
14:42:01.619	474	0.8593141075604053	999	0	67734	7	113837854	1645639	1571658	22543	
14:42:02.619	475	0.859996102883866	999	0	67753	19	113942463	104609	1573091	1433	
14:42:03.619	476	0.859996102883866	999	0	67753	0	113942463	0	1573091	0	
14:42:04.620	477	0.859996102883866	999	0	67753	0	113942463	0	1573091	0	
14:42:05.621	478	0.859996102883866	999	0	67753	0	113942463	0	1573091	0	
14:42:06.621	479	0.859996102883866	999	0	67753	0	113942463	0	1573091	0	
14:42:07.621	480	0.859996102883866	999	0	67753	0	113942463	0	1573091	0	
14:42:08.621	481	0.859996102883866	999	0	67753	0	113942463	0	1573091	0	
14:42:09.621	482	0.859996102883866	999	0	67753	0	113942463	0	1573091	0	
14:42:10.621	483	0.859996102883866	999	0	67753	0	113942463	0	1573091	0	
14:42:11.621	484	0.859996102883866	999	0	67753	0	113942463	0	1573091	0	
14:42:12.622	485	0.8608729540140296	999	0	67773	20	115717458	1774995	1597406	24315	
14:42:13.621	486	0.8649649259547935	999	0	67858	85	115984419	266961	1601063	3657	
14:42:14.621	487	0.8649649259547935	999	0	67858	0	115984419	0	1601063	0	
14:42:15.621	488	0.8649649259547935	999	0	67858	0	115984419	0	1601063	0	
14:42:16.622	489	0.8649649259547935	999	0	67858	0	115984419	0	1601063	0	
14:42:17.622	490	0.8649649259547935	999	0	67858	0	115984419	0	1601063	0	
14:42:18.622	491	0.8649649259547935	999	0	67858	0	115984419	0	1601063	0	
14:42:19.622	492	0.8649649259547935	999	0	67858	0	115984419	0	1601063	0	
14:42:20.622	493	0.8649649259547935	999	0	67858	0	115984419	0	1601063	0	
14:42:21.623	494	0.8649649259547935	999	0	67858	0	115984419	0	1601063	0	
14:42:22.622	495	0.8649649259547935	999	0	67858	0	115984419	0	1601063	0	
14:42:23.622	496	0.8665237724084178	999	0	67889	31	117540414	1555995	1622378	21315	
14:42:24.622	497	0.8681800467653936	999	0	67963	74	117734667	194253	1625039	2661	
14:42:25.622	498	0.8681800467653936	999	0	67963	0	117734667	0	1625039	0	
14:42:26.622	499	0.8681800467653936	999	0	67963	0	117734667	0	1625039	0	
14:42:27.622	500	0.8681800467653936	999	0	67963	0	117734667	0	1625039	0	
14:42:28.622	501	0.8681800467653936	999	0	67963	0	117734667	0	1625039	0	
14:42:29.622	502	0.8681800467653936	999	0	67963	0	117734667	0	1625039	0	
14:42:30.622	503	0.8681800467653936	999	0	67963	0	117734667	0	1625039	0	
14:42:31.622	504	0.8681800467653936	999	0	67963	0	117734667	0	1625039	0	
14:42:32.622	505	0.8681800467653936	999	0	67963	0	117734667	0	1625039	0	
14:42:33.622	506	0.8681800467653936	999	0	67963	0	117734667	0	1625039	0	
14:42:34.623	507	0.870128604832424	999	0	68003	40	119748226	2013559	1652622	27583	
14:42:35.623	508	0.8712977396726422	999	0	68027	24	119922477	174251	1655009	2387	
14:42:36.623	509	0.8712977396726422	999	0	68027	0	119922477	0	1655009	0	
14:42:37.624	510	0.8712977396726422	999	0	68027	0	119922477	0	1655009	0	
14:42:38.623	511	0.8712977396726422	999	0	68027	0	119922477	0	1655009	0	
14:42:39.623	512	0.8712977396726422	999	0	68027	0	119922477	0	1655009	0	
14:42:40.623	513	0.8712977396726422	999	0	68027	0	119922477	0	1655009	0	
14:42:41.623	514	0.8712977396726422	999	0	68027	0	119922477	0	1655009	0	
14:42:42.624	515	0.8712977396726422	999	0	68027	0	119922477	0	1655009	0	
14:42:43.623	516	0.8712977396726422	999	0	68027	0	119922477	0	1655009	0	
14:42:44.623	517	0.8712977396726422	999	0	68027	0	119922477	0	1655009	0	
14:42:45.623	518	0.8716874512860483	999	0	68045	18	121652723	1730246	1678711	23702	
14:42:46.623	519	0.8730514419329696	999	0	68082	37	122037360	384637	1683980	5269	
14:42:47.623	520	0.8730514419329696	999	0	68082	0	122037360	0	1683980	0	
14:42:48.624	521	0.8730514419329696	999	0	68082	0	122037360	0	1683980	0	
14:42:49.623	522	0.8730514419329696	999	0	68082	0	122037360	0	1683980	0	
14:42:50.623	523	0.8730514419329696	999	0	68082	0	122037360	0	1683980	0	
14:42:51.623	524	0.8730514419329696	999	0	68082	0	122037360	0	1683980	0	
14:42:52.623	525	0.8730514419329696	999	0	68082	0	122037360	0	1683980	0	
14:42:53.624	526	0.8730514419329696	999	0	68082	0	122037360	0	1683980	0	
14:42:54.623	527	0.8730514419329696	999	0	68082	0	122037360	0	1683980	0	
14:42:55.623	528	0.8730514419329696	999	0	68082	0	122037360	0	1683980	0	
14:42:56.623	529	0.8737334372564303	999	0	68095	13	122970373	933013	1696761	12781	
14:42:57.623	530	0.8747077162899455	999	0	68131	36	123714681	744308	1706957	10196	
14:42:58.623	531	0.8747077162899455	999	0	68131	0	123714681	0	1706957	0	
14:42:59.624	532	0.8747077162899455	999	0	68131	0	123714681	0	1706957	0	
14:43:00.624	533	0.8747077162899455	999	0	68131	0	123714681	0	1706957	0	
14:43:01.624	534	0.8747077162899455	999	0	68131	0	123714681	0	1706957	0	
14:43:02.624	535	0.8747077162899455	999	0	68131	0	123714681	0	1706957	0	
14:43:03.624	536	0.8747077162899455	999	0	68131	0	123714681	0	1706957	0	
14:43:04.625	537	0.8747077162899455	999	0	68131	0	123714681	0	1706957	0	
14:43:05.625	538	0.8747077162899455	999	0	68131	0	123714681	0	1706957	0	
14:43:06.625	539	0.8747077162899455	999	0	68131	0	123714681	0	1706957	0	
14:43:07.625	540	0.8747077162899455	999	0	68133	2	124886988	1172307	1723016	16059	
14:43:08.625	541	0.8780202650038971	999	0	68205	72	125902491	1015503	1736927	13911	
14:43:09.625	542	0.8780202650038971	999	0	68205	0	125902491	0	1736927	0	
14:43:10.626	543	0.8780202650038971	999	0	68205	0	125902491	0	1736927	0	
14:43:11.626	544	0.8780202650038971	999	0	68205	0	125902491	0	1736927	0	
14:43:12.626	545	0.8780202650038971	999	0	68205	0	125902491	0	1736927	0	
14:43:13.626	546	0.8780202650038971	999	0	68205	0	125902491	0	1736927	0	
14:43:14.627	547	0.8780202650038971	999	0	68205	0	125902491	0	1736927	0	
14:43:15.627	548	0.8780202650038971	999	0	68205	0	125902491	0	1736927	0	
14:43:16.627	549	0.8780202650038971	999	0	68205	0	125902491	0	1736927	0	
14:43:17.627	550	0.8780202650038971	999	0	68205	0	125902491	0	1736927	0	
14:43:18.627	551	0.8780202650038971	999	0	68205	0	126644244	741753	1747088	10161	
14:43:19.627	552	0.8820148090413095	999	0	68309	104	127579812	935568	1759904	12816	
14:43:20.628	553	0.8820148090413095	999	0	68309	0	127579812	0	1759904	0	
14:43:21.627	554	0.8820148090413095	999	0	68309	0	127579812	0	1759904	0	
14:43:22.627	555	0.8820148090413095	999	0	68309	0	127579812	0	1759904	0	
14:43:23.627	556	0.8820148090413095	999	0	68309	0	127579812	0	1759904	0	
14:43:24.628	557	0.8820148090413095	999	0	68309	0	127579812	0	1759904	0	
14:43:25.628	558	0.8820148090413095	999	0	68309	0	127579812	0	1759904	0	
14:43:26.628	559	0.8820148090413095	999	0	68309	0	127579812	0	1759904	0	
14:43:27.628	560	0.8820148090413095	999	0	68309	0	127579812	0	1759904	0	
14:43:28.629	561	0.8820148090413095	999	0	68309	0	127579812	0	1759904	0	
14:43:29.628	562	0.8820148090413095	999	0	68309	0	128530199	950387	1772923	13019	
14:43:30.628	563	0.8861067809820733	999	0	68444	135	129184206	654007	1781882	8959	
14:43:31.628	564	0.8861067809820733	999	0	68444	0	129184206	0	1781882	0	
14:43:32.628	565	0.8861067809820733	999	0	68444	0	129184206	0	1781882	0	
14:43:33.628	566	0.8861067809820733	999	0	68444	0	129184206	0	1781882	0	
14:43:34.629	567	0.8861067809820733	999	0	68444	0	129184206	0	1781882	0	
14:43:35.629	568	0.8861067809820733	999	0	68444	0	129184206	0	1781882	0	
14:43:36.628	569	0.8861067809820733	999	0	68444	0	129184206	0	1781882	0	
14:43:37.629	570	0.8861067809820733	999	0	68444	0	129184206	0	1781882	0	
14:43:38.629	571	0.8861067809820733	999	0	68444	0	129184206	0	1781882	0	
14:43:39.629	572	0.8861067809820733	999	0	68444	0	129184206	0	1781882	0	
14:43:40.629	573	0.8863016367887763	999	0	68448	4	130464845	1280639	1799425	17543	
14:43:41.629	574	0.8879579111457522	999	0	68480	32	131226162	761317	1809854	10429	
14:43:42.629	575	0.8879579111457522	999	0	68480	0	131226162	0	1809854	0	
14:43:43.629	576	0.8879579111457522	999	0	68480	0	131226162	0	1809854	0	
14:43:44.629	577	0.8879579111457522	999	0	68480	0	131226162	0	1809854	0	
14:43:45.629	578	0.8879579111457522	999	0	68480	0	131226162	0	1809854	0	
14:43:46.629	579	0.8879579111457522	999	0	68480	0	131226162	0	1809854	0	
14:43:47.629	580	0.8879579111457522	999	0	68480	0	131226162	0	1809854	0	
14:43:48.629	581	0.8879579111457522	999	0	68480	0	131226162	0	1809854	0	
14:43:49.630	582	0.8879579111457522	999	0	68480	0	131226162	0	1809854	0	
14:43:50.630	583	0.8879579111457522	999	0	68480	0	131226162	0	1809854	0	
14:43:51.631	584	0.8890296180826188	999	0	68512	32	132353209	1127047	1825293	15439	
14:43:52.631	585	0.8905884645362432	999	0	68545	33	132976410	623201	1833830	8537	
14:43:53.631	586	0.8905884645362432	999	0	68545	0	132976410	0	1833830	0	
14:43:54.631	587	0.8905884645362432	999	0	68545	0	132976410	0	1833830	0	
14:43:55.631	588	0.8905884645362432	999	0	68545	0	132976410	0	1833830	0	
14:43:56.631	589	0.8905884645362432	999	0	68545	0	132976410	0	1833830	0	
14:43:57.631	590	0.8905884645362432	999	0	68545	0	132976410	0	1833830	0	
14:43:58.632	591	0.8905884645362432	999	0	68545	0	132976410	0	1833830	0	
14:43:59.632	592	0.8905884645362432	999	0	68545	0	132976410	0	1833830	0	
14:44:00.633	593	0.8905884645362432	999	0	68545	0	132976410	0	1833830	0	
14:44:01.632	594	0.8905884645362432	999	0	68545	0	132976410	0	1833830	0	
14:44:02.632	595	0.8905884645362432	999	0	68545	0	133643630	667220	1842970	9140	
14:44:03.632	596	0.8915627435697584	999	0	68571	26	133924461	280831	1846817	3847	
14:44:04.632	597	0.8915627435697584	999	0	68571	0	133924461	0	1846817	0	
14:44:05.632	598	0.8915627435697584	999	0	68571	0	133924461	0	1846817	0	
14:44:06.632	599	0.8915627435697584	999	0	68571	0	133924461	0	1846817	0	
14:44:07.633	600	0.8915627435697584	999	0	68571	0	133924461	0	1846817	0	
14:44:08.633	601	0.8915627435697584	999	0	68571	0	133924461	0	1846817	0	
14:44:09.633	602	0.8915627435697584	999	0	68571	0	133924461	0	1846817	0	
14:44:10.633	603	0.8915627435697584	999	0	68571	0	133924461	0	1846817	0	
14:44:11.633	604	0.8915627435697584	999	0	68571	0	133924461	0	1846817	0	
14:44:12.633	605	0.8915627435697584	999	0	68571	0	133924461	0	1846817	0	
14:44:13.633	606	0.8921473109898675	999	0	68583	12	135362561	1438100	1866517	19700	
14:44:14.633	607	0.8957521434138738	999	0	68656	73	135601782	239221	1869794	3277	
14:44:15.633	608	0.8957521434138738	999	0	68656	0	135601782	0	1869794	0	
14:44:16.633	609	0.8957521434138738	999	0	68656	0	135601782	0	1869794	0	
14:44:17.633	610	0.8957521434138738	999	0	68656	0	135601782	0	1869794	0	
14:44:18.633	611	0.8957521434138738	999	0	68656	0	135601782	0	1869794	0	
14:44:19.633	612	0.8957521434138738	999	0	68656	0	135601782	0	1869794	0	
14:44:20.633	613	0.8957521434138738	999	0	68656	0	135601782	0	1869794	0	
14:44:21.633	614	0.8957521434138738	999	0	68656	0	135601782	0	1869794	0	
14:44:22.633	615	0.8957521434138738	999	0	68656	0	135601782	0	1869794	0	
14:44:23.633	616	0.8957521434138738	999	0	68656	0	135601782	0	1869794	0	
14:44:24.633	617	0.8965315666406859	999	0	68672	16	137592419	1990637	1897063	27269	
14:44:25.634	618	0.8968238503507404	999	0	68677	5	137789592	197173	1899764	2701	
14:44:26.634	619	0.8968238503507404	999	0	68677	0	137789592	0	1899764	0	
14:44:27.634	620	0.8968238503507404	999	0	68677	0	137789592	0	1899764	0	
14:44:28.634	621	0.8968238503507404	999	0	68677	0	137789592	0	1899764	0	
14:44:29.634	622	0.8968238503507404	999	0	68677	0	137789592	0	1899764	0	
14:44:30.635	623	0.8968238503507404	999	0	68677	0	137789592	0	1899764	0	
14:44:31.635	624	0.8968238503507404	999	0	68677	0	137789592	0	1899764	0	
14:44:32.635	625	0.8968238503507404	999	0	68677	0	137789592	0	1899764	0	
14:44:33.635	626	0.8968238503507404	999	0	68677	0	137789592	0	1899764	0	
14:44:34.635	627	0.8968238503507404	999	0	68677	0	137789592	0	1899764	0	
14:44:35.635	628	0.8982852689010132	999	0	68706	29	139242949	1453357	1919673	19909	
14:44:36.635	629	0.9001363990646921	999	0	68742	36	139393986	151037	1921742	2069	
14:44:37.635	630	0.9001363990646921	999	0	68742	0	139393986	0	1921742	0	
14:44:38.635	631	0.9001363990646921	999	0	68742	0	139393986	0	1921742	0	
14:44:39.635	632	0.9001363990646921	999	0	68742	0	139393986	0	1921742	0	
14:44:40.636	633	0.9001363990646921	999	0	68742	0	139393986	0	1921742	0	
14:44:41.636	634	0.9001363990646921	999	0	68742	0	139393986	0	1921742	0	
14:44:42.636	635	0.9001363990646921	999	0	68742	0	139393986	0	1921742	0	
14:44:43.636	636	0.9001363990646921	999	0	68742	0	139393986	0	1921742	0	
14:44:44.636	637	0.9001363990646921	999	0	68742	0	139393986	0	1921742	0	
14:44:45.636	638	0.9001363990646921	999	0	68742	0	139393986	0	1921742	0	
14:44:46.636	639	0.9056897895557288	999	0	68857	115	141519381	2125395	1950857	29115	
14:44:47.636	640	0.9076383476227592	999	0	68898	41	141654723	135342	1952711	1854	
14:44:48.636	641	0.9076383476227592	999	0	68898	0	141654723	0	1952711	0	
14:44:49.636	642	0.9076383476227592	999	0	68898	0	141654723	0	1952711	0	
14:44:50.637	643	0.9076383476227592	999	0	68898	0	141654723	0	1952711	0	
14:44:51.637	644	0.9076383476227592	999	0	68898	0	141654723	0	1952711	0	
14:44:52.636	645	0.9076383476227592	999	0	68898	0	141654723	0	1952711	0	
14:44:53.636	646	0.9076383476227592	999	0	68898	0	141654723	0	1952711	0	
14:44:54.636	647	0.9076383476227592	999	0	68898	0	141654723	0	1952711	0	
14:44:55.636	648	0.9076383476227592	999	0	68898	0	141654723	0	1952711	0	
14:44:56.636	649	0.9076383476227592	999	0	68898	0	141654723	0	1952711	0	
14:44:57.636	650	0.9084177708495713	999	0	68915	17	142897840	1243117	1969740	17029	
14:44:58.636	651	0.9084177708495713	999	0	68915	0	142967409	69569	1970693	953	
14:44:59.636	652	0.9084177708495713	999	0	68915	0	142967409	0	1970693	0	
14:45:00.636	653	0.9084177708495713	999	0	68915	0	142967409	0	1970693	0	
14:45:01.637	654	0.9084177708495713	999	0	68915	0	142967409	0	1970693	0	
14:45:02.637	655	0.9084177708495713	999	0	68915	0	142967409	0	1970693	0	
14:45:03.637	656	0.9084177708495713	999	0	68915	0	142967409	0	1970693	0	
14:45:04.637	657	0.9084177708495713	999	0	68915	0	142967409	0	1970693	0	
14:45:05.637	658	0.9084177708495713	999	0	68915	0	142967409	0	1970693	0	
14:45:06.637	659	0.9084177708495713	999	0	68915	0	142967409	0	1970693	0	
14:45:07.638	660	0.9084177708495713	999	0	68915	0	142967409	0	1970693	0	
14:45:08.638	661	0.9124123148869836	999	0	68998	83	145151861	2184452	2000617	29924	
14:45:09.639	662	0.9134840218238504	999	0	69020	22	145446927	295066	2004659	4042	
14:45:10.639	663	0.9134840218238504	999	0	69020	0	145446927	0	2004659	0	
14:45:11.639	664	0.9134840218238504	999	0	69020	0	145446927	0	2004659	0	
14:45:12.639	665	0.9134840218238504	999	0	69020	0	145446927	0	2004659	0	
14:45:13.639	666	0.9134840218238504	999	0	69020	0	145446927	0	2004659	0	
14:45:14.639	667	0.9134840218238504	999	0	69020	0	145446927	0	2004659	0	
14:45:15.639	668	0.9134840218238504	999	0	69020	0	145446927	0	2004659	0	
14:45:16.640	669	0.9134840218238504	999	0	69020	0	145446927	0	2004659	0	
14:45:17.639	670	0.9134840218238504	999	0	69020	0	145446927	0	2004659	0	
14:45:18.639	671	0.9134840218238504	999	0	69020	0	145446927	0	2004659	0	
14:45:19.639	672	0.9140685892439595	999	0	69046	26	147352665	1905738	2030765	26106	
14:45:20.639	673	0.9193296960249415	999	0	69189	143	147853518	500853	2037626	6861	
14:45:21.639	674	0.9193296960249415	999	0	69189	0	147853518	0	2037626	0	
14:45:22.639	675	0.9193296960249415	999	0	69189	0	147853518	0	2037626	0	
14:45:23.639	676	0.9193296960249415	999	0	69189	0	147853518	0	2037626	0	
14:45:24.639	677	0.9193296960249415	999	0	69189	0	147853518	0	2037626	0	
14:45:25.640	678	0.9193296960249415	999	0	69189	0	147853518	0	2037626	0	
14:45:26.639	679	0.9193296960249415	999	0	69189	0	147853518	0	2037626	0	
14:45:27.639	680	0.9193296960249415	999	0	69189	0	147853518	0	2037626	0	
14:45:28.639	681	0.9193296960249415	999	0	69189	0	147853518	0	2037626	0	
14:45:29.639	682	0.9193296960249415	999	0	69189	0	147853518	0	2037626	0	
14:45:30.639	683	0.9195245518316446	999	0	69193	4	149563032	1709514	2061044	23418	
14:45:31.639	684	0.921667965705378	999	0	69246	53	150041328	478296	2067596	6552	
14:45:32.639	685	0.921667965705378	999	0	69246	0	150041328	0	2067596	0	
14:45:33.639	686	0.921667965705378	999	0	69246	0	150041328	0	2067596	0	
14:45:34.640	687	0.921667965705378	999	0	69246	0	150041328	0	2067596	0	
14:45:35.640	688	0.921667965705378	999	0	69246	0	150041328	0	2067596	0	
14:45:36.640	689	0.921667965705378	999	0	69246	0	150041328	0	2067596	0	
14:45:37.640	690	0.921667965705378	999	0	69246	0	150041328	0	2067596	0	
14:45:38.640	691	0.921667965705378	999	0	69246	0	150041328	0	2067596	0	
14:45:39.640	692	0.921667965705378	999	0	69246	0	150041328	0	2067596	0	
14:45:40.640	693	0.921667965705378	999	0	69246	0	150041328	0	2067596	0	
14:45:41.648	694	0.921667965705378	999	0	69246	0	151431686	1390358	2086642	19046	
14:45:42.648	695	0.9228371005455963	999	0	69270	24	152083284	651598	2095568	8926	
14:45:43.647	696	0.9228371005455963	999	0	69270	0	152083284	0	2095568	0	
14:45:44.647	697	0.9228371005455963	999	0	69270	0	152083284	0	2095568	0	
14:45:45.647	698	0.9228371005455963	999	0	69270	0	152083284	0	2095568	0	
14:45:46.647	699	0.9228371005455963	999	0	69270	0	152083284	0	2095568	0	
14:45:47.647	700	0.9228371005455963	999	0	69270	0	152083284	0	2095568	0	
14:45:48.647	701	0.9228371005455963	999	0	69270	0	152083284	0	2095568	0	
14:45:49.647	702	0.9228371005455963	999	0	69270	0	152083284	0	2095568	0	
14:45:50.647	703	0.9228371005455963	999	0	69270	0	152083284	0	2095568	0	
14:45:51.647	704	0.9228371005455963	999	0	69270	0	152083284	0	2095568	0	
14:45:52.648	705	0.9228371005455963	999	0	69272	2	153560658	1477374	2115806	20238	
14:45:53.649	706	0.926539360872954	999	0	69346	74	154052313	491655	2122541	6735	
14:45:54.649	707	0.926539360872954	999	0	69346	0	154052313	0	2122541	0	
14:45:55.648	708	0.926539360872954	999	0	69346	0	154052313	0	2122541	0	
14:45:56.648	709	0.926539360872954	999	0	69346	0	154052313	0	2122541	0	
14:45:57.648	710	0.926539360872954	999	0	69346	0	154052313	0	2122541	0	
14:45:58.648	711	0.926539360872954	999	0	69346	0	154052313	0	2122541	0	
14:45:59.648	712	0.926539360872954	999	0	69346	0	154052313	0	2122541	0	
14:46:00.648	713	0.926539360872954	999	0	69346	0	154052313	0	2122541	0	
14:46:01.648	714	0.926539360872954	999	0	69346	0	154052313	0	2122541	0	
14:46:02.648	715	0.926539360872954	999	0	69346	0	154052313	0	2122541	0	
14:46:03.648	716	0.926734216679657	999	0	69350	4	155541075	1488762	2142935	20394	
14:46:04.648	717	0.9284879189399844	999	0	69385	35	156021342	480267	2149514	6579	
14:46:05.648	718	0.9284879189399844	999	0	69385	0	156021342	0	2149514	0	
14:46:06.648	719	0.9284879189399844	999	0	69385	0	156021342	0	2149514	0	
14:46:07.648	720	0.9284879189399844	999	0	69385	0	156021342	0	2149514	0	
14:46:08.649	721	0.9284879189399844	999	0	69385	0	156021342	0	2149514	0	
14:46:09.649	722	0.9284879189399844	999	0	69385	0	156021342	0	2149514	0	
14:46:10.649	723	0.9284879189399844	999	0	69385	0	156021342	0	2149514	0	
14:46:11.649	724	0.9284879189399844	999	0	69385	0	156021342	0	2149514	0	
14:46:12.649	725	0.9284879189399844	999	0	69385	0	156021342	0	2149514	0	
14:46:13.649	726	0.9284879189399844	999	0	69385	0	156021342	0	2149514	0	
14:46:14.649	727	0.9285853468433359	999	0	69387	2	157852474	1831132	2174598	25084	
14:46:15.649	728	0.928780202650039	999	0	69391	4	158573787	721313	2184479	9881	
14:46:16.649	729	0.928780202650039	999	0	69391	0	158573787	0	2184479	0	
14:46:17.649	730	0.928780202650039	999	0	69391	0	158573787	0	2184479	0	
14:46:18.649	731	0.928780202650039	999	0	69391	0	158573787	0	2184479	0	
14:46:19.649	732	0.928780202650039	999	0	69391	0	158573787	0	2184479	0	
14:46:20.649	733	0.928780202650039	999	0	69391	0	158573787	0	2184479	0	
14:46:21.649	734	0.928780202650039	999	0	69391	0	158573787	0	2184479	0	
14:46:22.649	735	0.928780202650039	999	0	69391	0	158573787	0	2184479	0	
14:46:23.649	736	0.928780202650039	999	0	69391	0	158573787	0	2184479	0	
14:46:24.649	737	0.928780202650039	999	0	69391	0	158573787	0	2184479	0	
14:46:25.657	738	0.928975058456742	999	0	69395	4	159672145	1098358	2199525	15046	
14:46:26.657	739	0.9301441932969603	999	0	69420	25	159959400	287255	2203460	3935	
14:46:27.657	740	0.9301441932969603	999	0	69420	0	159959400	0	2203460	0	
14:46:28.657	741	0.9301441932969603	999	0	69420	0	159959400	0	2203460	0	
14:46:29.658	742	0.9301441932969603	999	0	69420	0	159959400	0	2203460	0	
14:46:30.658	743	0.9301441932969603	999	0	69420	0	159959400	0	2203460	0	
14:46:31.657	744	0.9301441932969603	999	0	69420	0	159959400	0	2203460	0	
14:46:32.657	745	0.9301441932969603	999	0	69420	0	159959400	0	2203460	0	
14:46:33.657	746	0.9301441932969603	999	0	69420	0	159959400	0	2203460	0	
14:46:34.657	747	0.9301441932969603	999	0	69420	0	159959400	0	2203460	0	
14:46:35.657	748	0.9301441932969603	999	0	69420	0	159959400	0	2203460	0	
14:46:36.657	749	0.9304364770070148	999	0	69426	6	161114625	1155225	2219285	15825	
14:46:37.657	750	0.93141075604053	999	0	69444	18	161345013	230388	2222441	3156	
14:46:38.657	751	0.93141075604053	999	0	69444	0	161345013	0	2222441	0	
14:46:39.657	752	0.93141075604053	999	0	69444	0	161345013	0	2222441	0	
14:46:40.657	753	0.93141075604053	999	0	69444	0	161345013	0	2222441	0	
14:46:41.657	754	0.93141075604053	999	0	69444	0	161345013	0	2222441	0	
14:46:42.658	755	0.93141075604053	999	0	69444	0	161345013	0	2222441	0	
14:46:43.657	756	0.93141075604053	999	0	69444	0	161345013	0	2222441	0	
14:46:44.657	757	0.93141075604053	999	0	69444	0	161345013	0	2222441	0	
14:46:45.657	758	0.93141075604053	999	0	69444	0	161345013	0	2222441	0	
14:46:46.657	759	0.93141075604053	999	0	69444	0	161345013	0	2222441	0	
14:46:47.657	760	0.93141075604053	999	0	69444	0	162923200	1578187	2244060	21619	
14:46:48.657	761	0.9341387373343726	999	0	69494	50	163314042	390842	2249414	5354	
14:46:49.657	762	0.9341387373343726	999	0	69494	0	163314042	0	2249414	0	
14:46:50.658	763	0.9341387373343726	999	0	69494	0	163314042	0	2249414	0	
14:46:51.658	764	0.9341387373343726	999	0	69494	0	163314042	0	2249414	0	
14:46:52.658	765	0.9341387373343726	999	0	69494	0	163314042	0	2249414	0	
14:46:53.658	766	0.9341387373343726	999	0	69494	0	163314042	0	2249414	0	
14:46:54.658	767	0.9341387373343726	999	0	69494	0	163314042	0	2249414	0	
14:46:55.658	768	0.9341387373343726	999	0	69494	0	163314042	0	2249414	0	
14:46:56.658	769	0.9341387373343726	999	0	69494	0	163314042	0	2249414	0	
14:46:57.658	770	0.9341387373343726	999	0	69494	0	163314042	0	2249414	0	
14:46:58.659	771	0.9349181605611847	999	0	69523	29	165019249	1705207	2272773	23359	
14:46:59.658	772	0.9353078721745908	999	0	69531	8	165283071	263822	2276387	3614	
14:47:00.659	773	0.9353078721745908	999	0	69531	0	165283071	0	2276387	0	
14:47:01.658	774	0.9353078721745908	999	0	69531	0	165283071	0	2276387	0	
14:47:02.658	775	0.9353078721745908	999	0	69531	0	165283071	0	2276387	0	
14:47:03.658	776	0.9353078721745908	999	0	69531	0	165283071	0	2276387	0	
14:47:04.658	777	0.9353078721745908	999	0	69531	0	165283071	0	2276387	0	
14:47:05.658	778	0.9353078721745908	999	0	69531	0	165283071	0	2276387	0	
14:47:06.658	779	0.9353078721745908	999	0	69531	0	165283071	0	2276387	0	
14:47:07.658	780	0.9353078721745908	999	0	69531	0	165283071	0	2276387	0	
14:47:08.658	781	0.9353078721745908	999	0	69531	0	165283071	0	2276387	0	
14:47:09.658	782	0.9356001558846454	999	0	69537	6	166809282	1526211	2297294	20907	
14:47:10.658	783	0.9363795791114575	999	0	69553	16	167033319	224037	2300363	3069	
14:47:11.658	784	0.9363795791114575	999	0	69553	0	167033319	0	2300363	0	
14:47:12.658	785	0.9363795791114575	999	0	69553	0	167033319	0	2300363	0	
14:47:13.659	786	0.9363795791114575	999	0	69553	0	167033319	0	2300363	0	
14:47:14.659	787	0.9363795791114575	999	0	69553	0	167033319	0	2300363	0	
14:47:15.659	788	0.9363795791114575	999	0	69553	0	167033319	0	2300363	0	
14:47:16.659	789	0.9363795791114575	999	0	69553	0	167033319	0	2300363	0	
14:47:17.659	790	0.9363795791114575	999	0	69553	0	167033319	0	2300363	0	
14:47:18.659	791	0.9363795791114575	999	0	69553	0	167033319	0	2300363	0	
14:47:19.659	792	0.9363795791114575	999	0	69553	0	167033319	0	2300363	0	
14:47:20.659	793	0.9381332813717849	999	0	69590	37	168570407	1537088	2321419	21056	
14:47:21.659	794	0.938717848791894	999	0	69598	8	168929421	359014	2326337	4918	
14:47:22.660	795	0.938717848791894	999	0	69598	0	168929421	0	2326337	0	
14:47:23.660	796	0.938717848791894	999	0	69598	0	168929421	0	2326337	0	
14:47:24.661	797	0.938717848791894	999	0	69598	0	168929421	0	2326337	0	
14:47:25.661	798	0.938717848791894	999	0	69598	0	168929421	0	2326337	0	
14:47:26.661	799	0.938717848791894	999	0	69598	0	168929421	0	2326337	0	
14:47:27.661	800	0.938717848791894	999	0	69598	0	168929421	0	2326337	0	
14:47:28.661	801	0.938717848791894	999	0	69598	0	168929421	0	2326337	0	
14:47:29.661	802	0.938717848791894	999	0	69598	0	168929421	0	2326337	0	
14:47:30.661	803	0.938717848791894	999	0	69598	0	168929421	0	2326337	0	
14:47:31.661	804	0.9408612626656274	999	0	69644	46	170207943	1278522	2343851	17514	
14:47:32.661	805	0.9415432579890881	999	0	69665	21	170387961	180018	2346317	2466	
14:47:33.661	806	0.9415432579890881	999	0	69665	0	170387961	0	2346317	0	
14:47:34.662	807	0.9415432579890881	999	0	69665	0	170387961	0	2346317	0	
14:47:35.662	808	0.9415432579890881	999	0	69665	0	170387961	0	2346317	0	
14:47:36.662	809	0.9415432579890881	999	0	69665	0	170387961	0	2346317	0	
14:47:37.662	810	0.9415432579890881	999	0	69665	0	170387961	0	2346317	0	
14:47:38.662	811	0.9415432579890881	999	0	69665	0	170387961	0	2346317	0	
14:47:39.662	812	0.9415432579890881	999	0	69665	0	170387961	0	2346317	0	
14:47:40.662	813	0.9415432579890881	999	0	69665	0	170387961	0	2346317	0	
14:47:41.662	814	0.9415432579890881	999	0	69665	0	170387961	0	2346317	0	
14:47:42.662	815	0.9422252533125487	999	0	69683	18	172365823	1977862	2373411	27094	
14:47:43.662	816	0.9429072486360094	999	0	69700	17	172575771	209948	2376287	2876	
14:47:44.662	817	0.9429072486360094	999	0	69700	0	172575771	0	2376287	0	
14:47:45.662	818	0.9429072486360094	999	0	69700	0	172575771	0	2376287	0	
14:47:46.662	819	0.9429072486360094	999	0	69700	0	172575771	0	2376287	0	
14:47:47.662	820	0.9429072486360094	999	0	69700	0	172575771	0	2376287	0	
14:47:48.662	821	0.9429072486360094	999	0	69700	0	172575771	0	2376287	0	
14:47:49.663	822	0.9429072486360094	999	0	69700	0	172575771	0	2376287	0	
14:47:50.662	823	0.9429072486360094	999	0	69700	0	172575771	0	2376287	0	
14:47:51.662	824	0.9429072486360094	999	0	69700	0	172575771	0	2376287	0	
14:47:52.662	825	0.9429072486360094	999	0	69700	0	172575771	0	2376287	0	
14:47:53.662	826	0.94358924395947	999	0	69714	14	174181552	1605781	2398284	21997	
14:47:54.662	827	0.9443686671862821	999	0	69727	13	174398946	217394	2401262	2978	
14:47:55.662	828	0.9443686671862821	999	0	69727	0	174398946	0	2401262	0	
14:47:56.662	829	0.9443686671862821	999	0	69727	0	174398946	0	2401262	0	
14:47:57.662	830	0.9443686671862821	999	0	69727	0	174398946	0	2401262	0	
14:47:58.662	831	0.9443686671862821	999	0	69727	0	174398946	0	2401262	0	
14:47:59.662	832	0.9443686671862821	999	0	69727	0	174398946	0	2401262	0	
14:48:00.662	833	0.9443686671862821	999	0	69727	0	174398946	0	2401262	0	
14:48:01.662	834	0.9443686671862821	999	0	69727	0	174398946	0	2401262	0	
14:48:02.662	835	0.9443686671862821	999	0	69727	0	174398946	0	2401262	0	
14:48:03.662	836	0.9443686671862821	999	0	69727	0	174398946	0	2401262	0	
14:48:04.663	837	0.9443686671862821	999	0	69727	0	176327095	1928149	2427675	26413	
14:48:05.663	838	0.9443686671862821	999	0	69727	0	176586756	259661	2431232	3557	
14:48:06.663	839	0.9443686671862821	999	0	69727	0	176586756	0	2431232	0	
14:48:07.662	840	0.9443686671862821	999	0	69727	0	176586756	0	2431232	0	
14:48:08.662	841	0.9443686671862821	999	0	69727	0	176586756	0	2431232	0	
14:48:09.662	842	0.9443686671862821	999	0	69727	0	176586756	0	2431232	0	
14:48:10.662	843	0.9443686671862821	999	0	69727	0	176586756	0	2431232	0	
14:48:11.662	844	0.9443686671862821	999	0	69727	0	176586756	0	2431232	0	
14:48:12.662	845	0.9443686671862821	999	0	69727	0	176586756	0	2431232	0	
14:48:13.662	846	0.9443686671862821	999	0	69727	0	176586756	0	2431232	0	
14:48:14.663	847	0.9443686671862821	999	0	69727	0	176586756	0	2431232	0	
14:48:15.663	848	0.9450506625097428	999	0	69740	13	178440226	1853470	2456622	25390	
14:48:16.663	849	0.9456352299298519	999	0	69752	12	178701639	261413	2460203	3581	
14:48:17.663	850	0.9456352299298519	999	0	69752	0	178701639	0	2460203	0	
14:48:18.663	851	0.9456352299298519	999	0	69752	0	178701639	0	2460203	0	
14:48:19.663	852	0.9456352299298519	999	0	69752	0	178701639	0	2460203	0	
14:48:20.663	853	0.9456352299298519	999	0	69752	0	178701639	0	2460203	0	
14:48:21.663	854	0.9456352299298519	999	0	69752	0	178701639	0	2460203	0	
14:48:22.663	855	0.9456352299298519	999	0	69752	0	178701639	0	2460203	0	
14:48:23.663	856	0.9456352299298519	999	0	69752	0	178701639	0	2460203	0	
14:48:24.663	857	0.9456352299298519	999	0	69752	0	178701639	0	2460203	0	
14:48:25.663	858	0.9456352299298519	999	0	69752	0	178701639	0	2460203	0	
14:48:26.663	859	0.9471940763834762	999	0	69782	30	180312822	1611183	2482274	22071	
14:48:27.663	860	0.9481683554169914	999	0	69802	20	180597741	284919	2486177	3903	
14:48:28.663	861	0.9481683554169914	999	0	69802	0	180597741	0	2486177	0	
14:48:29.663	862	0.9481683554169914	999	0	69802	0	180597741	0	2486177	0	
14:48:30.663	863	0.9481683554169914	999	0	69802	0	180597741	0	2486177	0	
14:48:31.663	864	0.9481683554169914	999	0	69802	0	180597741	0	2486177	0	
14:48:32.663	865	0.9481683554169914	999	0	69802	0	180597741	0	2486177	0	
14:48:33.664	866	0.9481683554169914	999	0	69802	0	180597741	0	2486177	0	
14:48:34.663	867	0.9481683554169914	999	0	69802	0	180597741	0	2486177	0	
14:48:35.663	868	0.9481683554169914	999	0	69802	0	180597741	0	2486177	0	
14:48:36.663	869	0.9481683554169914	999	0	69802	0	180597741	0	2486177	0	
14:48:37.663	870	0.948460639127046	999	0	69812	10	182494281	1896540	2512157	25980	
14:48:38.663	871	0.9505066250974279	999	0	69852	40	182858478	364197	2517146	4989	
14:48:39.663	872	0.9505066250974279	999	0	69852	0	182858478	0	2517146	0	
14:48:40.663	873	0.9505066250974279	999	0	69852	0	182858478	0	2517146	0	
14:48:41.663	874	0.9505066250974279	999	0	69852	0	182858478	0	2517146	0	
14:48:42.663	875	0.9505066250974279	999	0	69852	0	182858478	0	2517146	0	
14:48:43.664	876	0.9505066250974279	999	0	69852	0	182858478	0	2517146	0	
14:48:44.664	877	0.9505066250974279	999	0	69852	0	182858478	0	2517146	0	
14:48:45.665	878	0.9505066250974279	999	0	69852	0	182858478	0	2517146	0	
14:48:46.665	879	0.9505066250974279	999	0	69852	0	182858478	0	2517146	0	
14:48:47.665	880	0.9505066250974279	999	0	69852	0	182858478	0	2517146	0	
14:48:48.665	881	0.9506040530007794	999	0	69854	2	184284022	1425544	2536674	19528	
14:48:49.666	882	0.9507989088074824	999	0	69858	4	184462872	178850	2539124	2450	
14:48:50.666	883	0.9507989088074824	999	0	69858	0	184462872	0	2539124	0	
14:48:51.666	884	0.9507989088074824	999	0	69858	0	184462872	0	2539124	0	
14:48:52.666	885	0.9507989088074824	999	0	69858	0	184462872	0	2539124	0	
14:48:53.666	886	0.9507989088074824	999	0	69858	0	184462872	0	2539124	0	
14:48:54.666	887	0.9507989088074824	999	0	69858	0	184462872	0	2539124	0	
14:48:55.666	888	0.9507989088074824	999	0	69858	0	184462872	0	2539124	0	
14:48:56.666	889	0.9507989088074824	999	0	69858	0	184462872	0	2539124	0	
14:48:57.666	890	0.9507989088074824	999	0	69858	0	184462872	0	2539124	0	
14:48:58.666	891	0.9507989088074824	999	0	69858	0	184462872	0	2539124	0	
14:48:59.667	892	0.9509937646141855	999	0	69862	4	185839871	1376999	2557987	18863	
14:49:00.666	893	0.9513834762275916	999	0	69867	5	185921412	81541	2559104	1117	
14:49:01.667	894	0.9513834762275916	999	0	69867	0	185921412	0	2559104	0	
14:49:02.667	895	0.9513834762275916	999	0	69867	0	185921412	0	2559104	0	
14:49:03.667	896	0.9513834762275916	999	0	69867	0	185921412	0	2559104	0	
14:49:04.668	897	0.9513834762275916	999	0	69867	0	185921412	0	2559104	0	
14:49:05.668	898	0.9513834762275916	999	0	69867	0	185921412	0	2559104	0	
14:49:06.668	899	0.9513834762275916	999	0	69867	0	185921412	0	2559104	0	
14:49:07.667	900	0.9513834762275916	999	0	69867	0	185921412	0	2559104	0	
14:49:08.667	901	0.9513834762275916	999	0	69867	0	185921412	0	2559104	0	
14:49:09.667	902	0.9513834762275916	999	0	69867	0	185922069	657	2559113	9	
14:49:10.667	903	0.9520654715510523	999	0	69881	14	187615304	1693235	2582308	23195	
14:49:11.667	904	0.9520654715510523	999	0	69881	0	187671660	56356	2583080	772	
14:49:12.667	905	0.9520654715510523	999	0	69881	0	187671660	0	2583080	0	
14:49:13.668	906	0.9520654715510523	999	0	69881	0	187671660	0	2583080	0	
14:49:14.668	907	0.9520654715510523	999	0	69881	0	187671660	0	2583080	0	
14:49:15.668	908	0.9520654715510523	999	0	69881	0	187671660	0	2583080	0	
14:49:16.668	909	0.9520654715510523	999	0	69881	0	187671660	0	2583080	0	
14:49:17.668	910	0.9520654715510523	999	0	69881	0	187671660	0	2583080	0	
14:49:18.668	911	0.9520654715510523	999	0	69881	0	187671660	0	2583080	0	
14:49:19.668	912	0.9520654715510523	999	0	69881	0	187671660	0	2583080	0	
14:49:20.669	913	0.9520654715510523	999	0	69881	0	187671660	0	2583080	0	
14:49:21.669	914	0.9529423226812159	999	0	69899	18	189360296	1688636	2606212	23132	
14:49:22.669	915	0.9530397505845675	999	0	69901	2	189421908	61612	2607056	844	
14:49:23.669	916	0.9530397505845675	999	0	69901	0	189421908	0	2607056	0	
14:49:24.669	917	0.9530397505845675	999	0	69901	0	189421908	0	2607056	0	
14:49:25.669	918	0.9530397505845675	999	0	69901	0	189421908	0	2607056	0	
14:49:26.669	919	0.9530397505845675	999	0	69901	0	189421908	0	2607056	0	
14:49:27.669	920	0.9530397505845675	999	0	69901	0	189421908	0	2607056	0	
14:49:28.669	921	0.9530397505845675	999	0	69901	0	189421908	0	2607056	0	
14:49:29.669	922	0.9530397505845675	999	0	69901	0	189421908	0	2607056	0	
14:49:30.669	923	0.9530397505845675	999	0	69901	0	189421908	0	2607056	0	
14:49:31.670	924	0.9530397505845675	999	0	69901	0	189421908	0	2607056	0	
14:49:32.670	925	0.953721745908028	999	0	69917	16	191210043	1788135	2631551	24495	
14:49:33.670	926	0.9542088854247857	999	0	69927	10	191318010	107967	2633030	1479	
14:49:34.670	927	0.9542088854247857	999	0	69927	0	191318010	0	2633030	0	
14:49:35.670	928	0.9542088854247857	999	0	69927	0	191318010	0	2633030	0	
14:49:36.670	929	0.9542088854247857	999	0	69927	0	191318010	0	2633030	0	
14:49:37.670	930	0.9542088854247857	999	0	69927	0	191318010	0	2633030	0	
14:49:38.670	931	0.9542088854247857	999	0	69927	0	191318010	0	2633030	0	
14:49:39.671	932	0.9542088854247857	999	0	69927	0	191318010	0	2633030	0	
14:49:40.670	933	0.9542088854247857	999	0	69927	0	191318010	0	2633030	0	
14:49:41.670	934	0.9542088854247857	999	0	69927	0	191318010	0	2633030	0	
14:49:42.670	935	0.9542088854247857	999	0	69927	0	191318886	876	2633042	12	
14:49:43.670	936	0.9562548713951676	999	0	69969	42	192660918	1342032	2651426	18384	
14:49:44.670	937	0.9571317225253313	999	0	69987	18	192776550	115632	2653010	1584	
14:49:45.670	938	0.9571317225253313	999	0	69987	0	192776550	0	2653010	0	
14:49:46.670	939	0.9571317225253313	999	0	69987	0	192776550	0	2653010	0	
14:49:47.670	940	0.9571317225253313	999	0	69987	0	192776550	0	2653010	0	
14:49:48.670	941	0.9571317225253313	999	0	69987	0	192776550	0	2653010	0	
14:49:49.670	942	0.9571317225253313	999	0	69987	0	192776550	0	2653010	0	
14:49:50.671	943	0.9571317225253313	999	0	69987	0	192776550	0	2653010	0	
14:49:51.670	944	0.9571317225253313	999	0	69987	0	192776550	0	2653010	0	
14:49:52.670	945	0.9571317225253313	999	0	69987	0	192776550	0	2653010	0	
14:49:53.670	946	0.9571317225253313	999	0	69987	0	192776550	0	2653010	0	
14:49:54.670	947	0.9571317225253313	999	0	69987	0	194543515	1766965	2677215	24205	
14:49:55.670	948	0.9571317225253313	999	0	69987	0	194672652	129137	2678984	1769	
14:49:56.670	949	0.9571317225253313	999	0	69987	0	194672652	0	2678984	0	
14:49:57.671	950	0.9571317225253313	999	0	69987	0	194672652	0	2678984	0	
14:49:58.670	951	0.9571317225253313	999	0	69987	0	194672652	0	2678984	0	
14:49:59.670	952	0.9571317225253313	999	0	69987	0	194672652	0	2678984	0	
14:50:00.670	953	0.9571317225253313	999	0	69987	0	194672652	0	2678984	0	
14:50:01.670	954	0.9571317225253313	999	0	69987	0	194672652	0	2678984	0	
14:50:02.670	955	0.9571317225253313	999	0	69987	0	194672652	0	2678984	0	
14:50:03.670	956	0.9571317225253313	999	0	69987	0	194672652	0	2678984	0	
14:50:04.671	957	0.9571317225253313	999	0	69987	0	194672652	0	2678984	0	
14:50:05.671	958	0.9589828526890102	999	0	70025	38	196569484	1896832	2704968	25984	
14:50:06.672	959	0.9590802805923616	999	0	70026	1	196714608	145124	2706956	1988	
14:50:07.671	960	0.9590802805923616	999	0	70026	0	196714608	0	2706956	0	
14:50:08.671	961	0.9590802805923616	999	0	70026	0	196714608	0	2706956	0	
14:50:09.671	962	0.9590802805923616	999	0	70026	0	196714608	0	2706956	0	
14:50:10.671	963	0.9590802805923616	999	0	70026	0	196714608	0	2706956	0	
14:50:11.671	964	0.9590802805923616	999	0	70026	0	196714608	0	2706956	0	
14:50:12.671	965	0.9590802805923616	999	0	70026	0	196714608	0	2706956	0	
14:50:13.671	966	0.9590802805923616	999	0	70026	0	196714608	0	2706956	0	
14:50:14.671	967	0.9590802805923616	999	0	70026	0	196714608	0	2706956	0	
14:50:15.671	968	0.9590802805923616	999	0	70026	0	196714608	0	2706956	0	
14:50:16.671	969	0.9601519875292284	999	0	70048	22	198502524	1787916	2731448	24492	
14:50:17.671	970	0.9601519875292284	999	0	70048	0	198756564	254040	2734928	3480	
14:50:18.671	971	0.9601519875292284	999	0	70048	0	198756564	0	2734928	0	
14:50:19.671	972	0.9601519875292284	999	0	70048	0	198756564	0	2734928	0	
14:50:20.671	973	0.9601519875292284	999	0	70048	0	198756564	0	2734928	0	
14:50:21.671	974	0.9601519875292284	999	0	70048	0	198756564	0	2734928	0	
14:50:22.671	975	0.9601519875292284	999	0	70048	0	198756564	0	2734928	0	
14:50:23.671	976	0.9601519875292284	999	0	70048	0	198756564	0	2734928	0	
14:50:24.671	977	0.9601519875292284	999	0	70048	0	198756564	0	2734928	0	
14:50:25.671	978	0.9601519875292284	999	0	70048	0	198756564	0	2734928	0	
14:50:26.671	979	0.9601519875292284	999	0	70048	0	198756564	0	2734928	0	
14:50:27.671	980	0.9601519875292284	999	0	70048	0	200386800	1630236	2757260	22332	
14:50:28.671	981	0.9602494154325799	999	0	70049	1	200798520	411720	2762900	5640	
14:50:29.671	982	0.9602494154325799	999	0	70049	0	200798520	0	2762900	0	
14:50:30.671	983	0.9602494154325799	999	0	70049	0	200798520	0	2762900	0	
14:50:31.672	984	0.9602494154325799	999	0	70049	0	200798520	0	2762900	0	
14:50:32.672	985	0.9602494154325799	999	0	70049	0	200798520	0	2762900	0	
14:50:33.672	986	0.9602494154325799	999	0	70049	0	200798520	0	2762900	0	
14:50:34.672	987	0.9602494154325799	999	0	70049	0	200798520	0	2762900	0	
14:50:35.672	988	0.9602494154325799	999	0	70049	0	200798520	0	2762900	0	
14:50:36.672	989	0.9602494154325799	999	0	70049	0	200798520	0	2762900	0	
14:50:37.673	990	0.9602494154325799	999	0	70049	0	200798520	0	2762900	0	
14:50:38.673	991	0.9603468433359315	999	0	70051	2	202327140	1528620	2783840	20940	
14:50:39.673	992	0.9624902572096649	999	0	70100	49	202694622	367482	2788874	5034	
14:50:40.673	993	0.9624902572096649	999	0	70100	0	202694622	0	2788874	0	
14:50:41.673	994	0.9624902572096649	999	0	70100	0	202694622	0	2788874	0	
14:50:42.673	995	0.9624902572096649	999	0	70100	0	202694622	0	2788874	0	
14:50:43.674	996	0.9624902572096649	999	0	70100	0	202694622	0	2788874	0	
14:50:44.673	997	0.9624902572096649	999	0	70100	0	202694622	0	2788874	0	
14:50:45.673	998	0.9624902572096649	999	0	70100	0	202694622	0	2788874	0	
14:50:46.673	999	0.9624902572096649	999	0	70100	0	202694622	0	2788874	0	
14:50:47.674	1000	0.9624902572096649	999	0	70100	0	202694622	0	2788874	0	
14:50:48.674	1001	0.9624902572096649	999	0	70100	0	202694622	0	2788874	0	
14:50:49.674	1002	0.9625876851130164	999	0	70102	2	204123305	1428683	2808445	19571	
14:50:50.674	1003	0.9633671083398285	999	0	70124	22	204809505	686200	2817845	9400	
14:50:51.674	1004	0.9633671083398285	999	0	70124	0	204809505	0	2817845	0	
14:50:52.674	1005	0.9633671083398285	999	0	70124	0	204809505	0	2817845	0	
14:50:53.674	1006	0.9633671083398285	999	0	70124	0	204809505	0	2817845	0	
14:50:54.674	1007	0.9633671083398285	999	0	70124	0	204809505	0	2817845	0	
14:50:55.675	1008	0.9633671083398285	999	0	70124	0	204809505	0	2817845	0	
14:50:56.675	1009	0.9633671083398285	999	0	70124	0	204809505	0	2817845	0	
14:50:57.675	1010	0.9633671083398285	999	0	70124	0	204809505	0	2817845	0	
14:50:58.675	1011	0.9633671083398285	999	0	70124	0	204809505	0	2817845	0	
14:50:59.676	1012	0.9633671083398285	999	0	70124	0	204809505	0	2817845	0	
14:51:00.676	1013	0.9633671083398285	999	0	70124	0	205623017	813512	2828989	11144	
14:51:01.675	1014	0.9645362431800467	999	0	70148	24	206268045	645028	2837825	8836	
14:51:02.675	1015	0.9645362431800467	999	0	70148	0	206268045	0	2837825	0	
14:51:03.675	1016	0.9645362431800467	999	0	70148	0	206268045	0	2837825	0	
14:51:04.675	1017	0.9645362431800467	999	0	70148	0	206268045	0	2837825	0	
14:51:05.675	1018	0.9645362431800467	999	0	70148	0	206268045	0	2837825	0	
14:51:06.675	1019	0.9645362431800467	999	0	70148	0	206268045	0	2837825	0	
14:51:07.676	1020	0.9645362431800467	999	0	70148	0	206268045	0	2837825	0	
14:51:08.676	1021	0.9645362431800467	999	0	70148	0	206268045	0	2837825	0	
14:51:09.676	1022	0.9645362431800467	999	0	70148	0	206268045	0	2837825	0	
14:51:10.676	1023	0.9645362431800467	999	0	70148	0	206268045	0	2837825	0	
14:51:11.676	1024	0.9646336710833983	999	0	70150	2	207331874	1063829	2852398	14573	
14:51:12.676	1025	0.9646336710833983	999	0	70150	0	208455855	1123981	2867795	15397	
14:51:13.676	1026	0.9646336710833983	999	0	70150	0	208455855	0	2867795	0	
14:51:14.676	1027	0.9646336710833983	999	0	70150	0	208455855	0	2867795	0	
14:51:15.676	1028	0.9646336710833983	999	0	70150	0	208455855	0	2867795	0	
14:51:16.677	1029	0.9646336710833983	999	0	70150	0	208455855	0	2867795	0	
14:51:17.676	1030	0.9646336710833983	999	0	70150	0	208455855	0	2867795	0	
14:51:18.676	1031	0.9646336710833983	999	0	70150	0	208455855	0	2867795	0	
14:51:19.677	1032	0.9646336710833983	999	0	70150	0	208455855	0	2867795	0	
14:51:20.677	1033	0.9646336710833983	999	0	70150	0	208455855	0	2867795	0	
14:51:21.677	1034	0.9646336710833983	999	0	70150	0	208455855	0	2867795	0	
14:51:22.677	1035	0.9646336710833983	999	0	70150	0	209407410	951555	2880830	13035	
14:51:23.677	1036	0.9648285268901013	999	0	70156	6	210497811	1090401	2895767	14937	
14:51:24.677	1037	0.9648285268901013	999	0	70156	0	210497811	0	2895767	0	
14:51:25.677	1038	0.9648285268901013	999	0	70156	0	210497811	0	2895767	0	
14:51:26.677	1039	0.9648285268901013	999	0	70156	0	210497811	0	2895767	0	
14:51:27.677	1040	0.9648285268901013	999	0	70156	0	210497811	0	2895767	0	
14:51:28.677	1041	0.9648285268901013	999	0	70156	0	210497811	0	2895767	0	
14:51:29.677	1042	0.9648285268901013	999	0	70156	0	210497811	0	2895767	0	
14:51:30.677	1043	0.9648285268901013	999	0	70156	0	210497811	0	2895767	0	
14:51:31.678	1044	0.9648285268901013	999	0	70156	0	210497811	0	2895767	0	
14:51:32.678	1045	0.9648285268901013	999	0	70156	0	210497811	0	2895767	0	
14:51:33.677	1046	0.9648285268901013	999	0	70156	0	211137364	639553	2904528	8761	
14:51:34.677	1047	0.9648285268901013	999	0	70156	0	211956351	818987	2915747	11219	
14:51:35.677	1048	0.9648285268901013	999	0	70156	0	211956351	0	2915747	0	
14:51:36.677	1049	0.9648285268901013	999	0	70156	0	211956351	0	2915747	0	
14:51:37.677	1050	0.9648285268901013	999	0	70156	0	211956351	0	2915747	0	
14:51:38.677	1051	0.9648285268901013	999	0	70156	0	211956351	0	2915747	0	
14:51:39.678	1052	0.9648285268901013	999	0	70156	0	211956351	0	2915747	0	
14:51:40.678	1053	0.9648285268901013	999	0	70156	0	211956351	0	2915747	0	
14:51:41.678	1054	0.9648285268901013	999	0	70156	0	211956351	0	2915747	0	
14:51:42.678	1055	0.9648285268901013	999	0	70156	0	211956351	0	2915747	0	
14:51:43.678	1056	0.9648285268901013	999	0	70156	0	211956351	0	2915747	0	
14:51:44.678	1057	0.9648285268901013	999	0	70156	0	212894547	938196	2928599	12852	
14:51:45.678	1058	0.9658028059236166	999	0	70176	20	213925380	1030833	2942720	14121	
14:51:46.678	1059	0.9658028059236166	999	0	70176	0	213925380	0	2942720	0	
14:51:47.678	1060	0.9658028059236166	999	0	70176	0	213925380	0	2942720	0	
14:51:48.678	1061	0.9658028059236166	999	0	70176	0	213925380	0	2942720	0	
14:51:49.678	1062	0.9658028059236166	999	0	70176	0	213925380	0	2942720	0	
14:51:50.678	1063	0.9658028059236166	999	0	70176	0	213925380	0	2942720	0	
14:51:51.678	1064	0.9658028059236166	999	0	70176	0	213925380	0	2942720	0	
14:51:52.678	1065	0.9658028059236166	999	0	70176	0	213925380	0	2942720	0	
14:51:53.678	1066	0.9658028059236166	999	0	70176	0	213925380	0	2942720	0	
14:51:54.678	1067	0.9658028059236166	999	0	70176	0	213925380	0	2942720	0	
14:51:55.679	1068	0.9658028059236166	999	0	70176	0	214885549	960169	2955873	13153	
14:51:56.678	1069	0.9661925175370226	999	0	70184	8	215748555	863006	2967695	11822	
14:51:57.678	1070	0.9661925175370226	999	0	70184	0	215748555	0	2967695	0	
14:51:58.678	1071	0.9661925175370226	999	0	70184	0	215748555	0	2967695	0	
14:51:59.678	1072	0.9661925175370226	999	0	70184	0	215748555	0	2967695	0	
14:52:00.678	1073	0.9661925175370226	999	0	70184	0	215748555	0	2967695	0	
14:52:01.678	1074	0.9661925175370226	999	0	70184	0	215748555	0	2967695	0	
14:52:02.679	1075	0.9661925175370226	999	0	70184	0	215748555	0	2967695	0	
14:52:03.679	1076	0.9661925175370226	999	0	70184	0	215748555	0	2967695	0	
14:52:04.678	1077	0.9661925175370226	999	0	70184	0	215748555	0	2967695	0	
14:52:05.678	1078	0.9661925175370226	999	0	70184	0	215748555	0	2967695	0	
14:52:06.678	1079	0.9661925175370226	999	0	70184	0	216783549	1034994	2981873	14178	
14:52:07.678	1080	0.9675565081839439	999	0	70210	26	218009292	1225743	2998664	16791	
14:52:08.678	1081	0.9675565081839439	999	0	70210	0	218009292	0	2998664	0	
14:52:09.678	1082	0.9675565081839439	999	0	70210	0	218009292	0	2998664	0	
14:52:10.678	1083	0.9675565081839439	999	0	70210	0	218009292	0	2998664	0	
14:52:11.679	1084	0.9675565081839439	999	0	70210	0	218009292	0	2998664	0	
14:52:12.678	1085	0.9675565081839439	999	0	70210	0	218009292	0	2998664	0	
14:52:13.678	1086	0.9675565081839439	999	0	70210	0	218009292	0	2998664	0	
14:52:14.678	1087	0.9675565081839439	999	0	70210	0	218009292	0	2998664	0	
14:52:15.679	1088	0.9675565081839439	999	0	70210	0	218009292	0	2998664	0	
14:52:16.678	1089	0.9675565081839439	999	0	70210	0	218009292	0	2998664	0	
14:52:17.678	1090	0.9675565081839439	999	0	70210	0	218741628	732336	3008696	10032	
14:52:18.678	1091	0.9678487918939984	999	0	70216	6	220124175	1382547	3027635	18939	
14:52:19.678	1092	0.9678487918939984	999	0	70216	0	220124175	0	3027635	0	
14:52:20.678	1093	0.9678487918939984	999	0	70216	0	220124175	0	3027635	0	
14:52:21.678	1094	0.9678487918939984	999	0	70216	0	220124175	0	3027635	0	
14:52:22.679	1095	0.9678487918939984	999	0	70216	0	220124175	0	3027635	0	
14:52:23.679	1096	0.9678487918939984	999	0	70216	0	220124175	0	3027635	0	
14:52:24.679	1097	0.9678487918939984	999	0	70216	0	220124175	0	3027635	0	
14:52:25.679	1098	0.9678487918939984	999	0	70216	0	220124175	0	3027635	0	
14:52:26.679	1099	0.9678487918939984	999	0	70216	0	220124175	0	3027635	0	
14:52:27.679	1100	0.9678487918939984	999	0	70216	0	220124175	0	3027635	0	
14:52:28.679	1101	0.9678487918939984	999	0	70216	0	220726863	602688	3035891	8256	
14:52:29.679	1102	0.9696024941543258	999	0	70251	35	221947350	1220487	3052610	16719	
14:52:30.679	1103	0.9696024941543258	999	0	70251	0	221947350	0	3052610	0	
14:52:31.679	1104	0.9696024941543258	999	0	70251	0	221947350	0	3052610	0	
14:52:32.679	1105	0.9696024941543258	999	0	70251	0	221947350	0	3052610	0	
14:52:33.679	1106	0.9696024941543258	999	0	70251	0	221947350	0	3052610	0	
14:52:34.679	1107	0.9696024941543258	999	0	70251	0	221947350	0	3052610	0	
14:52:35.679	1108	0.9696024941543258	999	0	70251	0	221947350	0	3052610	0	
14:52:36.679	1109	0.9696024941543258	999	0	70251	0	221947350	0	3052610	0	
14:52:37.679	1110	0.9696024941543258	999	0	70251	0	221947350	0	3052610	0	
14:52:38.679	1111	0.9696024941543258	999	0	70251	0	221947350	0	3052610	0	
14:52:39.679	1112	0.9696024941543258	999	0	70251	0	222553323	605973	3060911	8301	
14:52:40.679	1113	0.9696024941543258	999	0	70251	0	223332890	779567	3071590	10679	
14:52:41.680	1114	0.9696024941543258	999	0	70251	0	223332963	73	3071591	1	
14:52:42.680	1115	0.9696024941543258	999	0	70251	0	223332963	0	3071591	0	
14:52:43.679	1116	0.9696024941543258	999	0	70251	0	223332963	0	3071591	0	
14:52:44.679	1117	0.9696024941543258	999	0	70251	0	223332963	0	3071591	0	
14:52:45.679	1118	0.9696024941543258	999	0	70251	0	223332963	0	3071591	0	
14:52:46.679	1119	0.9696024941543258	999	0	70251	0	223332963	0	3071591	0	
14:52:47.679	1120	0.9696024941543258	999	0	70251	0	223332963	0	3071591	0	
14:52:48.679	1121	0.9696024941543258	999	0	70251	0	223332963	0	3071591	0	
14:52:49.679	1122	0.9696024941543258	999	0	70251	0	223332963	0	3071591	0	
14:52:50.679	1123	0.9696024941543258	999	0	70251	0	223733733	400770	3077081	5490	
14:52:51.679	1124	0.9696024941543258	999	0	70251	0	224572722	838989	3088574	11493	
14:52:52.680	1125	0.9696024941543258	999	0	70251	0	224572722	0	3088574	0	
14:52:53.680	1126	0.9696024941543258	999	0	70251	0	224572722	0	3088574	0	
14:52:54.680	1127	0.9696024941543258	999	0	70251	0	224572722	0	3088574	0	
14:52:55.680	1128	0.9696024941543258	999	0	70251	0	224572722	0	3088574	0	
14:52:56.680	1129	0.9696024941543258	999	0	70251	0	224572722	0	3088574	0	
14:52:57.680	1130	0.9696024941543258	999	0	70251	0	224572722	0	3088574	0	
14:52:58.680	1131	0.9696024941543258	999	0	70251	0	224572722	0	3088574	0	
14:52:59.681	1132	0.9696024941543258	999	0	70251	0	224572722	0	3088574	0	
14:53:00.680	1133	0.9696024941543258	999	0	70251	0	224572722	0	3088574	0	
14:53:01.681	1134	0.9696024941543258	999	0	70251	0	225173658	600936	3096806	8232	
14:53:02.681	1135	0.9707716289945441	999	0	70275	24	226541751	1368093	3115547	18741	
14:53:03.681	1136	0.9707716289945441	999	0	70275	0	226541751	0	3115547	0	
14:53:04.681	1137	0.9707716289945441	999	0	70275	0	226541751	0	3115547	0	
14:53:05.681	1138	0.9707716289945441	999	0	70275	0	226541751	0	3115547	0	
14:53:06.681	1139	0.9707716289945441	999	0	70275	0	226541751	0	3115547	0	
14:53:07.682	1140	0.9707716289945441	999	0	70275	0	226541751	0	3115547	0	
14:53:08.682	1141	0.9707716289945441	999	0	70275	0	226541751	0	3115547	0	
14:53:09.682	1142	0.9707716289945441	999	0	70275	0	226541751	0	3115547	0	
14:53:10.682	1143	0.9707716289945441	999	0	70275	0	226541751	0	3115547	0	
14:53:11.682	1144	0.9707716289945441	999	0	70275	0	226541751	0	3115547	0	
14:53:12.682	1145	0.9707716289945441	999	0	70275	0	227085017	543266	3122989	7442	
14:53:13.682	1146	0.970966484801247	999	0	70279	4	228802488	1717471	3146516	23527	
14:53:14.682	1147	0.970966484801247	999	0	70279	0	228802488	0	3146516	0	
14:53:15.682	1148	0.970966484801247	999	0	70279	0	228802488	0	3146516	0	
14:53:16.682	1149	0.970966484801247	999	0	70279	0	228802488	0	3146516	0	
14:53:17.682	1150	0.970966484801247	999	0	70279	0	228802488	0	3146516	0	
14:53:18.682	1151	0.970966484801247	999	0	70279	0	228802488	0	3146516	0	
14:53:19.682	1152	0.970966484801247	999	0	70279	0	228802488	0	3146516	0	
14:53:20.683	1153	0.970966484801247	999	0	70279	0	228802488	0	3146516	0	
14:53:21.683	1154	0.970966484801247	999	0	70279	0	228802488	0	3146516	0	
14:53:22.682	1155	0.970966484801247	999	0	70279	0	228802488	0	3146516	0	
14:53:23.682	1156	0.970966484801247	999	0	70279	0	229273119	470631	3152963	6447	
14:53:24.683	1157	0.9719407638347622	999	0	70298	19	230917371	1644252	3175487	22524	
14:53:25.682	1158	0.9719407638347622	999	0	70298	0	230917371	0	3175487	0	
14:53:26.682	1159	0.9719407638347622	999	0	70298	0	230917371	0	3175487	0	
14:53:27.682	1160	0.9719407638347622	999	0	70298	0	230917371	0	3175487	0	
14:53:28.682	1161	0.9719407638347622	999	0	70298	0	230917371	0	3175487	0	
14:53:29.683	1162	0.9719407638347622	999	0	70298	0	230917371	0	3175487	0	
14:53:30.683	1163	0.9719407638347622	999	0	70298	0	230917371	0	3175487	0	
14:53:31.682	1164	0.9719407638347622	999	0	70298	0	230917371	0	3175487	0	
14:53:32.682	1165	0.9719407638347622	999	0	70298	0	230917371	0	3175487	0	
14:53:33.682	1166	0.9719407638347622	999	0	70298	0	230917371	0	3175487	0	
14:53:34.682	1167	0.9719407638347622	999	0	70298	0	231333617	416246	3181189	5702	
14:53:35.682	1168	0.9725253312548714	999	0	70310	12	232813473	1479856	3201461	20272	
14:53:36.682	1169	0.9725253312548714	999	0	70310	0	232813473	0	3201461	0	
14:53:37.682	1170	0.9725253312548714	999	0	70310	0	232813473	0	3201461	0	
14:53:38.682	1171	0.9725253312548714	999	0	70310	0	232813473	0	3201461	0	
14:53:39.682	1172	0.9725253312548714	999	0	70310	0	232813473	0	3201461	0	
14:53:40.682	1173	0.9725253312548714	999	0	70310	0	232813473	0	3201461	0	
14:53:41.682	1174	0.9725253312548714	999	0	70310	0	232813473	0	3201461	0	
14:53:42.682	1175	0.9725253312548714	999	0	70310	0	232813473	0	3201461	0	
14:53:43.682	1176	0.9725253312548714	999	0	70310	0	232813473	0	3201461	0	
14:53:44.682	1177	0.9725253312548714	999	0	70310	0	232813473	0	3201461	0	
14:53:45.682	1178	0.9725253312548714	999	0	70310	0	233161902	348429	3206234	4773	
14:53:46.682	1179	0.9734021823850351	999	0	70328	18	234855429	1693527	3229433	23199	
14:53:47.682	1180	0.9734021823850351	999	0	70328	0	234855429	0	3229433	0	
14:53:48.682	1181	0.9734021823850351	999	0	70328	0	234855429	0	3229433	0	
14:53:49.682	1182	0.9734021823850351	999	0	70328	0	234855429	0	3229433	0	
14:53:50.683	1183	0.9734021823850351	999	0	70328	0	234855429	0	3229433	0	
14:53:51.682	1184	0.9734021823850351	999	0	70328	0	234855429	0	3229433	0	
14:53:52.682	1185	0.9734021823850351	999	0	70328	0	234855429	0	3229433	0	
14:53:53.682	1186	0.9734021823850351	999	0	70328	0	234855429	0	3229433	0	
14:53:54.682	1187	0.9734021823850351	999	0	70328	0	234855429	0	3229433	0	
14:53:55.682	1188	0.9734021823850351	999	0	70328	0	234855429	0	3229433	0	
14:53:56.683	1189	0.9734021823850351	999	0	70328	0	235206486	351057	3234242	4809	
14:53:57.682	1190	0.9740841777084958	999	0	70341	13	236678604	1472118	3254408	20166	
14:53:58.683	1191	0.9740841777084958	999	0	70341	0	236678604	0	3254408	0	
14:53:59.683	1192	0.9740841777084958	999	0	70341	0	236678604	0	3254408	0	
14:54:00.683	1193	0.9740841777084958	999	0	70341	0	236678604	0	3254408	0	
14:54:01.683	1194	0.9740841777084958	999	0	70341	0	236678604	0	3254408	0	
14:54:02.683	1195	0.9740841777084958	999	0	70341	0	236678604	0	3254408	0	
14:54:03.683	1196	0.9740841777084958	999	0	70341	0	236678604	0	3254408	0	
14:54:04.683	1197	0.9740841777084958	999	0	70341	0	236678604	0	3254408	0	
14:54:05.683	1198	0.9740841777084958	999	0	70341	0	236678604	0	3254408	0	
14:54:06.683	1199	0.9740841777084958	999	0	70341	0	236678604	0	3254408	0	
14:54:07.683	1200	0.9740841777084958	999	0	70341	0	237172084	493480	3261168	6760	
14:54:08.683	1201	0.9740841777084958	999	0	70341	0	238647633	1475549	3281381	20213	
14:54:09.683	1202	0.9740841777084958	999	0	70341	0	238647633	0	3281381	0	
14:54:10.683	1203	0.9740841777084958	999	0	70341	0	238647633	0	3281381	0	
14:54:11.683	1204	0.9740841777084958	999	0	70341	0	238647633	0	3281381	0	
14:54:12.683	1205	0.9740841777084958	999	0	70341	0	238647633	0	3281381	0	
14:54:13.683	1206	0.9740841777084958	999	0	70341	0	238647633	0	3281381	0	
14:54:14.683	1207	0.9740841777084958	999	0	70341	0	238647633	0	3281381	0	
14:54:15.683	1208	0.9740841777084958	999	0	70341	0	238647633	0	3281381	0	
14:54:16.684	1209	0.9740841777084958	999	0	70341	0	238647633	0	3281381	0	
14:54:17.684	1210	0.9740841777084958	999	0	70341	0	238647633	0	3281381	0	
14:54:18.684	1211	0.9740841777084958	999	0	70341	0	239184913	537280	3288741	7360	
14:54:19.684	1212	0.9740841777084958	999	0	70341	0	240689589	1504676	3309353	20612	
14:54:20.684	1213	0.9740841777084958	999	0	70341	0	240689589	0	3309353	0	
14:54:21.684	1214	0.9740841777084958	999	0	70341	0	240689589	0	3309353	0	
14:54:22.684	1215	0.9740841777084958	999	0	70341	0	240689589	0	3309353	0	
14:54:23.684	1216	0.9740841777084958	999	0	70341	0	240689589	0	3309353	0	
14:54:24.685	1217	0.9740841777084958	999	0	70341	0	240689589	0	3309353	0	
14:54:25.685	1218	0.9740841777084958	999	0	70341	0	240689589	0	3309353	0	
14:54:26.685	1219	0.9740841777084958	999	0	70341	0	240689589	0	3309353	0	
14:54:27.685	1220	0.9740841777084958	999	0	70341	0	240689589	0	3309353	0	
14:54:28.685	1221	0.9740841777084958	999	0	70341	0	240689589	0	3309353	0	
14:54:29.685	1222	0.9740841777084958	999	0	70341	0	241063057	373468	3314469	5116	
14:54:30.685	1223	0.9740841777084958	999	0	70341	0	242002275	939218	3327335	12866	
14:54:31.685	1224	0.9740841777084958	999	0	70341	0	242002275	0	3327335	0	
14:54:32.685	1225	0.9740841777084958	999	0	70341	0	242002275	0	3327335	0	
14:54:33.685	1226	0.9740841777084958	999	0	70341	0	242002275	0	3327335	0	
14:54:34.686	1227	0.9740841777084958	999	0	70341	0	242002275	0	3327335	0	
14:54:35.686	1228	0.9740841777084958	999	0	70341	0	242002275	0	3327335	0	
14:54:36.686	1229	0.9740841777084958	999	0	70341	0	242002275	0	3327335	0	
14:54:37.686	1230	0.9740841777084958	999	0	70341	0	242002275	0	3327335	0	
14:54:38.686	1231	0.9740841777084958	999	0	70341	0	242002275	0	3327335	0	
14:54:39.686	1232	0.9740841777084958	999	0	70341	0	242002275	0	3327335	0	
14:54:40.690	1233	0.9740841777084958	999	0	70341	0	242271937	269662	3331029	3694	
14:54:41.690	1234	0.9742790335151987	999	0	70344	3	243533742	1261805	3348314	17285	
14:54:42.690	1235	0.9742790335151987	999	0	70344	0	243533742	0	3348314	0	
14:54:43.690	1236	0.9742790335151987	999	0	70344	0	243533742	0	3348314	0	
14:54:44.690	1237	0.9742790335151987	999	0	70344	0	243533742	0	3348314	0	
14:54:45.690	1238	0.9742790335151987	999	0	70344	0	243533742	0	3348314	0	
14:54:46.690	1239	0.9742790335151987	999	0	70344	0	243533742	0	3348314	0	
14:54:47.690	1240	0.9742790335151987	999	0	70344	0	243533742	0	3348314	0	
14:54:48.690	1241	0.9742790335151987	999	0	70344	0	243533742	0	3348314	0	
14:54:49.690	1242	0.9742790335151987	999	0	70344	0	243533742	0	3348314	0	
14:54:50.690	1243	0.9742790335151987	999	0	70344	0	243533742	0	3348314	0	
14:54:51.691	1244	0.9742790335151987	999	0	70344	0	243847350	313608	3352610	4296	
14:54:52.691	1245	0.9743764614185503	999	0	70346	2	244919355	1072005	3367295	14685	
14:54:53.691	1246	0.9743764614185503	999	0	70346	0	244919355	0	3367295	0	
14:54:54.691	1247	0.9743764614185503	999	0	70346	0	244919355	0	3367295	0	
