# TriggerType: TRIGGER_SECOND
#-----
#TimeStamp	Sec	Hth	Con	ConD	Fin	FinD	Data	DataD	Pkt	PktD
14:55:22.684	0	0.0	7	7	41	41	54217	54217	2341	2341	
14:55:23.663	1	0.0	7	0	57	16	55239	1022	2355	14	
14:55:24.663	2	0.0	7	0	57	0	55239	0	2355	0	
14:55:25.663	3	0.0	7	0	57	0	55239	0	2355	0	
14:55:26.663	4	0.0	7	0	57	0	55239	0	2355	0	
14:55:27.663	5	9.742790335151987E-4	34	27	372	315	171877	116638	6237	3882	
14:55:28.663	6	0.002338269680436477	46	7	1001	579	256344	79930	7416	1102	
14:55:29.663	7	0.002338269680436477	46	0	1001	0	256344	0	7416	0	
14:55:30.663	8	0.002338269680436477	46	0	1001	0	256344	0	7416	0	
14:55:31.663	9	0.002338269680436477	46	0	1001	0	256344	0	7416	0	
14:55:32.663	10	0.010424785658612627	127	81	2189	1188	555182	298838	14218	6802	
14:55:33.663	11	0.03117692907248636	182	53	6352	4149	1957751	1400288	33599	19348	
14:55:34.663	12	0.031858924395947	182	0	6420	68	1988411	30660	34019	420	
14:55:35.664	13	0.031858924395947	182	0	6420	0	1988411	0	34019	0	
14:55:36.664	14	0.031858924395947	182	0	6420	0	1988411	0	34019	0	
14:55:37.664	15	0.05251363990646921	315	133	7804	1384	2469665	481254	43148	9129	
14:55:38.664	16	0.13805533904910366	427	112	20306	12502	8880397	6410732	131257	88109	
14:55:39.664	17	0.14964925954793454	427	0	21036	730	9351685	471288	137713	6456	
14:55:40.665	18	0.14964925954793454	427	0	21036	0	9351685	0	137713	0	
14:55:41.666	19	0.14964925954793454	427	0	21036	0	9351685	0	137713	0	
14:55:42.666	20	0.17722135619641466	566	139	22255	1219	9823571	471886	146091	8378	
14:55:43.666	21	0.2366523772408418	691	125	32059	9804	16404511	6580940	236451	90360	
14:55:44.666	22	0.34927903351519873	691	0	40054	7995	22344886	5940375	317826	81375	
14:55:45.666	23	0.35415042868277474	691	0	40196	142	22426062	81176	318938	1112	
14:55:46.667	24	0.35415042868277474	691	0	40196	0	22426062	0	318938	0	
14:55:47.667	25	0.3742205767731878	780	89	40873	677	22716561	290499	323961	5023	
14:55:48.668	26	0.43063133281371785	876	96	47353	6480	29050257	6333696	410857	86896	
14:55:49.668	27	0.534294621979735	876	0	53373	6020	34112734	5062477	480206	69349	
14:55:50.668	28	0.5370226032735775	876	0	53465	92	34163980	51246	480908	702	
14:55:51.669	29	0.5370226032735775	876	0	53465	0	34163980	0	480908	0	
14:55:52.668	30	0.5465705378020265	913	37	53728	263	34245652	81672	482440	1532	
14:55:53.668	31	0.6000584567420109	965	52	58015	4287	39567553	5321901	555413	72973	
14:55:54.668	32	0.6250974279033515	965	0	58973	958	40428588	861035	567208	11795	
14:55:55.668	33	0.6250974279033515	965	0	58973	0	40428588	0	567208	0	
14:55:56.668	34	0.6250974279033515	965	0	58973	0	40428588	0	567208	0	
14:55:57.669	35	0.6278254091971941	977	12	59043	70	40441685	13097	567505	297	
14:55:58.669	36	0.6450701480904131	992	14	59916	866	42090226	1641876	590106	22508	
14:55:59.669	37	0.6487724084177708	992	0	60002	86	42387482	297256	594178	4072	
14:56:00.669	38	0.6487724084177708	992	0	60002	0	42387482	0	594178	0	
14:56:01.669	39	0.6487724084177708	992	0	60002	0	42387482	0	594178	0	
14:56:02.669	40	0.6492595479345284	993	1	60012	10	42389288	1806	594228	50	
14:56:03.670	41	0.6518901013250195	998	5	60124	112	42736404	347116	598988	4760	
14:56:04.669	42	0.651987529228371	998	0	60131	7	42826121	89717	600217	1229	
14:56:05.669	43	0.651987529228371	998	0	60131	0	42826121	0	600217	0	
14:56:06.670	44	0.651987529228371	998	0	60131	0	42826121	0	600217	0	
14:56:07.669	45	0.651987529228371	998	0	60131	0	42826352	231	600224	7	
14:56:08.669	46	0.6537412314886983	999	1	60169	38	42882153	55801	600989	765	
14:56:09.670	47	0.654033515198753	999	0	60175	6	42899308	17155	601224	235	
14:56:10.669	48	0.654033515198753	999	0	60175	0	42899308	0	601224	0	
14:56:11.669	49	0.654033515198753	999	0	60175	0	42899308	0	601224	0	
14:56:12.669	50	0.654033515198753	999	0	60175	0	42899308	0	601224	0	
14:56:13.669	51	0.654033515198753	999	0	60175	0	42899308	0	601224	0	
14:56:14.670	52	0.654033515198753	999	0	60175	0	42899308	0	601224	0	
14:56:15.669	53	0.654033515198753	999	0	60175	0	42899308	0	601224	0	
14:56:16.669	54	0.654033515198753	999	0	60175	0	42899308	0	601224	0	
14:56:17.669	55	0.654033515198753	999	0	60175	0	42899308	0	601224	0	
14:56:18.669	56	0.654033515198753	999	0	60175	0	42899308	0	601224	0	
14:56:19.670	57	0.654033515198753	999	0	60175	0	42899308	0	601224	0	
14:56:20.670	58	0.654033515198753	999	0	60175	0	42899308	0	601224	0	
14:56:21.670	59	0.654033515198753	999	0	60175	0	42899308	0	601224	0	
14:56:22.671	60	0.654033515198753	999	0	60175	0	42899308	0	601224	0	
14:56:23.670	61	0.654033515198753	999	0	60175	0	42899308	0	601224	0	
14:56:24.670	62	0.654033515198753	999	0	60175	0	42899308	0	601224	0	
14:56:25.670	63	0.654033515198753	999	0	60175	0	42899308	0	601224	0	
14:56:26.671	64	0.654033515198753	999	0	60175	0	42899308	0	601224	0	
14:56:27.671	65	0.654033515198753	999	0	60175	0	42899308	0	601224	0	
14:56:28.671	66	0.654033515198753	999	0	60175	0	42899308	0	601224	0	
14:56:29.672	67	0.654033515198753	999	0	60175	0	42899308	0	601224	0	
14:56:30.671	68	0.654033515198753	999	0	60175	0	42899308	0	601224	0	
14:56:31.671	69	0.654033515198753	999	0	60175	0	42899308	0	601224	0	
14:56:32.671	70	0.654033515198753	999	0	60175	0	42899308	0	601224	0	
14:56:33.672	71	0.654033515198753	999	0	60175	0	42899308	0	601224	0	
14:56:34.671	72	0.654033515198753	999	0	60175	0	42899308	0	601224	0	
14:56:35.671	73	0.654033515198753	999	0	60175	0	42899308	0	601224	0	
14:56:36.671	74	0.654033515198753	999	0	60175	0	42899308	0	601224	0	
14:56:37.671	75	0.654033515198753	999	0	60175	0	42899308	0	601224	0	
14:56:38.671	76	0.654033515198753	999	0	60175	0	42899308	0	601224	0	
14:56:39.671	77	0.654033515198753	999	0	60175	0	42899308	0	601224	0	
14:56:40.672	78	0.654033515198753	999	0	60175	0	42899308	0	601224	0	
14:56:41.672	79	0.654033515198753	999	0	60175	0	42899308	0	601224	0	
14:56:42.672	80	0.654033515198753	999	0	60175	0	42899308	0	601224	0	
14:56:43.673	81	0.654033515198753	999	0	60175	0	42899308	0	601224	0	
14:56:44.672	82	0.654033515198753	999	0	60175	0	42899308	0	601224	0	
14:56:45.672	83	0.654033515198753	999	0	60175	0	42899308	0	601224	0	
14:56:46.672	84	0.654033515198753	999	0	60175	0	42899308	0	601224	0	
14:56:47.673	85	0.654033515198753	999	0	60175	0	42899308	0	601224	0	
14:56:48.673	86	0.654033515198753	999	0	60175	0	42899308	0	601224	0	
14:56:49.673	87	0.654033515198753	999	0	60175	0	42899308	0	601224	0	
14:56:50.674	88	0.654033515198753	999	0	60175	0	42899308	0	601224	0	
14:56:51.674	89	0.654033515198753	999	0	60175	0	42899308	0	601224	0	
14:56:52.674	90	0.654033515198753	999	0	60175	0	42899308	0	601224	0	
14:56:53.675	91	0.654033515198753	999	0	60175	0	42899308	0	601224	0	
14:56:54.675	92	0.654033515198753	999	0	60175	0	42899308	0	601224	0	
14:56:55.675	93	0.654033515198753	999	0	60175	0	42899308	0	601224	0	
14:56:56.675	94	0.654033515198753	999	0	60175	0	42899308	0	601224	0	
14:56:57.675	95	0.654033515198753	999	0	60175	0	42899308	0	601224	0	
14:56:58.675	96	0.654033515198753	999	0	60175	0	42899308	0	601224	0	
14:56:59.675	97	0.654033515198753	999	0	60175	0	42899308	0	601224	0	
14:57:00.675	98	0.654033515198753	999	0	60175	0	42899308	0	601224	0	
14:57:01.676	99	0.654033515198753	999	0	60175	0	42899308	0	601224	0	
14:57:02.675	100	0.654033515198753	999	0	60175	0	42899308	0	601224	0	
14:57:03.675	101	0.654033515198753	999	0	60175	0	42899308	0	601224	0	
14:57:04.675	102	0.654033515198753	999	0	60175	0	42899308	0	601224	0	
14:57:05.676	103	0.654033515198753	999	0	60175	0	42899308	0	601224	0	
14:57:06.675	104	0.654033515198753	999	0	60175	0	42899308	0	601224	0	
14:57:07.675	105	0.654033515198753	999	0	60175	0	42899308	0	601224	0	
14:57:08.676	106	0.654033515198753	999	0	60175	0	42899308	0	601224	0	
14:57:09.676	107	0.654033515198753	999	0	60175	0	42899308	0	601224	0	
14:57:10.675	108	0.654033515198753	999	0	60175	0	42899308	0	601224	0	
14:57:11.675	109	0.654033515198753	999	0	60175	0	42899308	0	601224	0	
14:57:12.675	110	0.654033515198753	999	0	60175	0	42899308	0	601224	0	
14:57:13.675	111	0.654033515198753	999	0	60175	0	42899308	0	601224	0	
14:57:14.675	112	0.654033515198753	999	0	60175	0	42899308	0	601224	0	
14:57:15.675	113	0.654033515198753	999	0	60175	0	42899308	0	601224	0	
14:57:16.676	114	0.654033515198753	999	0	60175	0	42899308	0	601224	0	
14:57:17.676	115	0.654033515198753	999	0	60175	0	42899308	0	601224	0	
14:57:18.676	116	0.654033515198753	999	0	60175	0	42899308	0	601224	0	
14:57:19.677	117	0.654033515198753	999	0	60175	0	42899308	0	601224	0	
14:57:20.676	118	0.654033515198753	999	0	60175	0	42899308	0	601224	0	
14:57:21.676	119	0.654033515198753	999	0	60175	0	42899308	0	601224	0	
14:57:22.676	120	0.654033515198753	999	0	60175	0	42899308	0	601224	0	
14:57:23.677	121	0.654033515198753	999	0	60175	0	42899308	0	601224	0	
14:57:24.677	122	0.654033515198753	999	0	60175	0	42899308	0	601224	0	
14:57:25.677	123	0.654033515198753	999	0	60175	0	42899308	0	601224	0	
14:57:26.678	124	0.654033515198753	999	0	60175	0	42899308	0	601224	0	
14:57:27.677	125	0.654033515198753	999	0	60175	0	42899308	0	601224	0	
14:57:28.677	126	0.654033515198753	999	0	60175	0	42899308	0	601224	0	
14:57:29.677	127	0.654033515198753	999	0	60175	0	42899308	0	601224	0	
14:57:30.678	128	0.654033515198753	999	0	60175	0	42899308	0	601224	0	
14:57:31.678	129	0.654033515198753	999	0	60175	0	42899308	0	601224	0	
14:57:32.678	130	0.654033515198753	999	0	60175	0	42899308	0	601224	0	
14:57:33.679	131	0.654033515198753	999	0	60175	0	42899308	0	601224	0	
14:57:34.678	132	0.654033515198753	999	0	60175	0	42899308	0	601224	0	
14:57:35.678	133	0.654033515198753	999	0	60175	0	42899308	0	601224	0	
14:57:36.678	134	0.654033515198753	999	0	60175	0	42899308	0	601224	0	
14:57:37.678	135	0.654033515198753	999	0	60175	0	42899308	0	601224	0	
14:57:38.678	136	0.654033515198753	999	0	60175	0	42899308	0	601224	0	
14:57:39.678	137	0.654033515198753	999	0	60175	0	42899308	0	601224	0	
14:57:40.679	138	0.654033515198753	999	0	60175	0	42899308	0	601224	0	
14:57:41.678	139	0.654033515198753	999	0	60175	0	42899308	0	601224	0	
14:57:42.678	140	0.654033515198753	999	0	60175	0	42899308	0	601224	0	
14:57:43.679	141	0.654033515198753	999	0	60175	0	42899308	0	601224	0	
14:57:44.679	142	0.654033515198753	999	0	60175	0	42899308	0	601224	0	
14:57:45.679	143	0.654033515198753	999	0	60175	0	42899308	0	601224	0	
14:57:46.680	144	0.654033515198753	999	0	60175	0	42899308	0	601224	0	
14:57:47.680	145	0.654033515198753	999	0	60175	0	42899308	0	601224	0	
14:57:48.680	146	0.654033515198753	999	0	60175	0	42899308	0	601224	0	
14:57:49.680	147	0.654033515198753	999	0	60175	0	42899308	0	601224	0	
14:57:50.680	148	0.654033515198753	999	0	60175	0	42899308	0	601224	0	
14:57:51.681	149	0.654033515198753	999	0	60175	0	42899308	0	601224	0	
14:57:52.680	150	0.654033515198753	999	0	60175	0	42899308	0	601224	0	
14:57:53.680	151	0.654033515198753	999	0	60175	0	42899308	0	601224	0	
14:57:54.681	152	0.654033515198753	999	0	60175	0	42899308	0	601224	0	
14:57:55.680	153	0.654033515198753	999	0	60175	0	42899308	0	601224	0	
14:57:56.680	154	0.654033515198753	999	0	60175	0	42899308	0	601224	0	
14:57:57.680	155	0.654033515198753	999	0	60175	0	42899308	0	601224	0	
14:57:58.680	156	0.654033515198753	999	0	60175	0	42899308	0	601224	0	
14:57:59.680	157	0.654033515198753	999	0	60175	0	42899308	0	601224	0	
14:58:00.680	158	0.654033515198753	999	0	60175	0	42899308	0	601224	0	
14:58:01.681	159	0.654033515198753	999	0	60175	0	42899308	0	601224	0	
14:58:02.680	160	0.654033515198753	999	0	60175	0	42899308	0	601224	0	
14:58:03.680	161	0.654033515198753	999	0	60175	0	42899308	0	601224	0	
14:58:04.681	162	0.654033515198753	999	0	60175	0	42899308	0	601224	0	
14:58:05.680	163	0.654033515198753	999	0	60175	0	42899308	0	601224	0	
14:58:06.680	164	0.654033515198753	999	0	60175	0	42899308	0	601224	0	
14:58:07.680	165	0.654033515198753	999	0	60175	0	42899308	0	601224	0	
14:58:08.680	166	0.654033515198753	999	0	60175	0	42899308	0	601224	0	
14:58:09.680	167	0.654033515198753	999	0	60175	0	42899308	0	601224	0	
14:58:10.681	168	0.654033515198753	999	0	60175	0	42899308	0	601224	0	
14:58:11.681	169	0.654033515198753	999	0	60175	0	42899308	0	601224	0	
14:58:12.681	170	0.654033515198753	999	0	60175	0	42899308	0	601224	0	
14:58:13.682	171	0.654033515198753	999	0	60175	0	42899308	0	601224	0	
14:58:14.681	172	0.654033515198753	999	0	60175	0	42899308	0	601224	0	
14:58:15.681	173	0.654033515198753	999	0	60175	0	42899308	0	601224	0	
14:58:16.681	174	0.654033515198753	999	0	60175	0	42899308	0	601224	0	
14:58:17.682	175	0.654033515198753	999	0	60175	0	42899308	0	601224	0	
14:58:18.681	176	0.654033515198753	999	0	60175	0	42899308	0	601224	0	
14:58:19.681	177	0.654033515198753	999	0	60175	0	42899308	0	601224	0	
14:58:20.682	178	0.654033515198753	999	0	60175	0	42899308	0	601224	0	
14:58:21.682	179	0.654033515198753	999	0	60175	0	42899308	0	601224	0	
14:58:22.681	180	0.654033515198753	999	0	60175	0	42899308	0	601224	0	
14:58:23.681	181	0.654033515198753	999	0	60175	0	42899308	0	601224	0	
14:58:24.681	182	0.654033515198753	999	0	60175	0	42899308	0	601224	0	
14:58:25.681	183	0.654033515198753	999	0	60175	0	42899308	0	601224	0	
14:58:26.681	184	0.654033515198753	999	0	60175	0	42899308	0	601224	0	
14:58:27.681	185	0.654033515198753	999	0	60175	0	42899308	0	601224	0	
14:58:28.681	186	0.654033515198753	999	0	60175	0	42899308	0	601224	0	
14:58:29.681	187	0.654033515198753	999	0	60175	0	42899308	0	601224	0	
14:58:30.681	188	0.654033515198753	999	0	60175	0	42899308	0	601224	0	
14:58:31.682	189	0.654033515198753	999	0	60175	0	42899308	0	601224	0	
14:58:32.682	190	0.654033515198753	999	0	60175	0	42899308	0	601224	0	
14:58:33.682	191	0.654033515198753	999	0	60175	0	42899308	0	601224	0	
14:58:34.683	192	0.654033515198753	999	0	60175	0	42899308	0	601224	0	
14:58:35.682	193	0.654033515198753	999	0	60175	0	42899308	0	601224	0	
14:58:36.682	194	0.654033515198753	999	0	60175	0	42899308	0	601224	0	
14:58:37.682	195	0.654033515198753	999	0	60175	0	42899308	0	601224	0	
14:58:38.683	196	0.654033515198753	999	0	60175	0	42899308	0	601224	0	
14:58:39.682	197	0.654033515198753	999	0	60175	0	42899308	0	601224	0	
14:58:40.682	198	0.654033515198753	999	0	60175	0	42899308	0	601224	0	
14:58:41.682	199	0.654033515198753	999	0	60175	0	42899308	0	601224	0	
14:58:42.682	200	0.654033515198753	999	0	60175	0	42899308	0	601224	0	
14:58:43.682	201	0.654033515198753	999	0	60175	0	42899308	0	601224	0	
14:58:44.682	202	0.654033515198753	999	0	60175	0	42899308	0	601224	0	
14:58:45.682	203	0.654033515198753	999	0	60175	0	42899308	0	601224	0	
14:58:46.683	204	0.654033515198753	999	0	60175	0	42899308	0	601224	0	
14:58:47.682	205	0.654033515198753	999	0	60175	0	42899308	0	601224	0	
14:58:48.682	206	0.654033515198753	999	0	60175	0	42899308	0	601224	0	
14:58:49.682	207	0.654033515198753	999	0	60175	0	42899308	0	601224	0	
14:58:50.682	208	0.654033515198753	999	0	60175	0	42899308	0	601224	0	
14:58:51.683	209	0.654033515198753	999	0	60175	0	42899308	0	601224	0	
14:58:52.682	210	0.654033515198753	999	0	60175	0	42899308	0	601224	0	
14:58:53.682	211	0.654033515198753	999	0	60175	0	42899308	0	601224	0	
14:58:54.682	212	0.654033515198753	999	0	60175	0	42899308	0	601224	0	
14:58:55.683	213	0.654033515198753	999	0	60175	0	42899308	0	601224	0	
14:58:56.683	214	0.654033515198753	999	0	60175	0	42899308	0	601224	0	
14:58:57.683	215	0.654033515198753	999	0	60175	0	42899308	0	601224	0	
14:58:58.684	216	0.654033515198753	999	0	60175	0	42899308	0	601224	0	
14:58:59.683	217	0.654033515198753	999	0	60175	0	42899308	0	601224	0	
14:59:00.683	218	0.654033515198753	999	0	60175	0	42899308	0	601224	0	
14:59:01.683	219	0.654033515198753	999	0	60175	0	42899308	0	601224	0	
14:59:02.684	220	0.654033515198753	999	0	60175	0	42899308	0	601224	0	
14:59:03.683	221	0.654033515198753	999	0	60175	0	42899308	0	601224	0	
14:59:04.683	222	0.654033515198753	999	0	60175	0	42899308	0	601224	0	
14:59:05.683	223	0.654033515198753	999	0	60175	0	42899308	0	601224	0	
14:59:06.684	224	0.654033515198753	999	0	60175	0	42899308	0	601224	0	
14:59:07.684	225	0.654033515198753	999	0	60175	0	42899308	0	601224	0	
14:59:08.684	226	0.654033515198753	999	0	60175	0	42899308	0	601224	0	
14:59:09.684	227	0.654033515198753	999	0	60175	0	42899308	0	601224	0	
14:59:10.684	228	0.654033515198753	999	0	60175	0	42899308	0	601224	0	
14:59:11.684	229	0.654033515198753	999	0	60175	0	42899308	0	601224	0	
14:59:12.684	230	0.654033515198753	999	0	60175	0	42899308	0	601224	0	
14:59:13.685	231	0.654033515198753	999	0	60175	0	42899308	0	601224	0	
14:59:14.685	232	0.654033515198753	999	0	60175	0	42899308	0	601224	0	
14:59:15.685	233	0.654033515198753	999	0	60175	0	42899308	0	601224	0	
14:59:16.686	234	0.654033515198753	999	0	60175	0	42899308	0	601224	0	
14:59:17.685	235	0.654033515198753	999	0	60175	0	42899308	0	601224	0	
14:59:18.685	236	0.654033515198753	999	0	60175	0	42899308	0	601224	0	
14:59:19.685	237	0.654033515198753	999	0	60175	0	42899308	0	601224	0	
14:59:20.686	238	0.654033515198753	999	0	60175	0	42899308	0	601224	0	
14:59:21.686	239	0.654033515198753	999	0	60175	0	42899308	0	601224	0	
14:59:22.687	240	0.654033515198753	999	0	60175	0	42899308	0	601224	0	
14:59:23.686	241	0.654033515198753	999	0	60175	0	42899308	0	601224	0	
14:59:24.686	242	0.654033515198753	999	0	60175	0	42899308	0	601224	0	
14:59:25.686	243	0.654033515198753	999	0	60175	0	42899308	0	601224	0	
14:59:26.687	244	0.654033515198753	999	0	60175	0	42899308	0	601224	0	
14:59:27.686	245	0.654033515198753	999	0	60175	0	42899308	0	601224	0	
14:59:28.686	246	0.654033515198753	999	0	60175	0	42899308	0	601224	0	
14:59:29.686	247	0.654033515198753	999	0	60175	0	42899308	0	601224	0	
14:59:30.686	248	0.654033515198753	999	0	60175	0	42899308	0	601224	0	
14:59:31.686	249	0.654033515198753	999	0	60175	0	42899308	0	601224	0	
14:59:32.687	250	0.654033515198753	999	0	60175	0	42899308	0	601224	0	
14:59:33.686	251	0.654033515198753	999	0	60175	0	42899308	0	601224	0	
14:59:34.686	252	0.654033515198753	999	0	60175	0	42899308	0	601224	0	
14:59:35.686	253	0.654033515198753	999	0	60175	0	42899308	0	601224	0	
14:59:36.686	254	0.654033515198753	999	0	60175	0	42899308	0	601224	0	
14:59:37.686	255	0.654033515198753	999	0	60175	0	42899308	0	601224	0	
14:59:38.686	256	0.654033515198753	999	0	60175	0	42899308	0	601224	0	
14:59:39.687	257	0.654033515198753	999	0	60175	0	42899308	0	601224	0	
14:59:40.687	258	0.654033515198753	999	0	60175	0	42899308	0	601224	0	
14:59:41.687	259	0.654033515198753	999	0	60175	0	42899308	0	601224	0	
14:59:42.687	260	0.654033515198753	999	0	60175	0	42899308	0	601224	0	
14:59:43.687	261	0.654033515198753	999	0	60175	0	42899308	0	601224	0	
14:59:44.687	262	0.654033515198753	999	0	60175	0	42899308	0	601224	0	
14:59:45.687	263	0.654033515198753	999	0	60175	0	42899308	0	601224	0	
14:59:46.687	264	0.654033515198753	999	0	60175	0	42899308	0	601224	0	
14:59:47.687	265	0.654033515198753	999	0	60175	0	42899308	0	601224	0	
14:59:48.687	266	0.654033515198753	999	0	60175	0	42899308	0	601224	0	
14:59:49.688	267	0.654033515198753	999	0	60175	0	42899308	0	601224	0	
14:59:50.687	268	0.654033515198753	999	0	60175	0	42899308	0	601224	0	
14:59:51.687	269	0.654033515198753	999	0	60175	0	42899308	0	601224	0	
14:59:52.688	270	0.654033515198753	999	0	60175	0	42899308	0	601224	0	
14:59:53.688	271	0.654033515198753	999	0	60175	0	42899308	0	601224	0	
14:59:54.688	272	0.654033515198753	999	0	60175	0	42899308	0	601224	0	
14:59:55.688	273	0.654033515198753	999	0	60175	0	42899308	0	601224	0	
14:59:56.689	274	0.654033515198753	999	0	60175	0	42899308	0	601224	0	
14:59:57.688	275	0.654033515198753	999	0	60175	0	42899308	0	601224	0	
14:59:58.688	276	0.654033515198753	999	0	60175	0	42899308	0	601224	0	
14:59:59.688	277	0.654033515198753	999	0	60175	0	42899308	0	601224	0	
15:00:00.689	278	0.654033515198753	999	0	60175	0	42899308	0	601224	0	
15:00:01.688	279	0.654033515198753	999	0	60175	0	42899308	0	601224	0	
15:00:02.688	280	0.654033515198753	999	0	60175	0	42899308	0	601224	0	
15:00:03.688	281	0.654033515198753	999	0	60175	0	42899308	0	601224	0	
15:00:04.688	282	0.654033515198753	999	0	60175	0	42899308	0	601224	0	
15:00:05.688	283	0.654033515198753	999	0	60175	0	42899308	0	601224	0	
15:00:06.688	284	0.654033515198753	999	0	60175	0	42899308	0	601224	0	
15:00:07.689	285	0.654033515198753	999	0	60175	0	42899308	0	601224	0	
15:00:08.689	286	0.654033515198753	999	0	60175	0	42899308	0	601224	0	
15:00:09.689	287	0.654033515198753	999	0	60175	0	42899308	0	601224	0	
15:00:10.690	288	0.654033515198753	999	0	60175	0	42899308	0	601224	0	
15:00:11.689	289	0.654033515198753	999	0	60175	0	42899308	0	601224	0	
15:00:12.689	290	0.654033515198753	999	0	60175	0	42899308	0	601224	0	
15:00:13.689	291	0.654033515198753	999	0	60175	0	42899308	0	601224	0	
15:00:14.689	292	0.654033515198753	999	0	60175	0	42899308	0	601224	0	
15:00:15.689	293	0.654033515198753	999	0	60175	0	42899308	0	601224	0	
15:00:16.690	294	0.654033515198753	999	0	60175	0	42899308	0	601224	0	
15:00:17.689	295	0.654033515198753	999	0	60175	0	42899308	0	601224	0	
15:00:18.689	296	0.654033515198753	999	0	60175	0	42899308	0	601224	0	
15:00:19.689	297	0.654033515198753	999	0	60175	0	42899308	0	601224	0	
15:00:20.689	298	0.654033515198753	999	0	60175	0	42899308	0	601224	0	
15:00:21.689	299	0.654033515198753	999	0	60175	0	42899308	0	601224	0	
15:00:22.690	300	0.654033515198753	999	0	60175	0	42899308	0	601224	0	
15:00:23.689	301	0.654033515198753	999	0	60175	0	42899308	0	601224	0	
15:00:24.690	302	0.654033515198753	999	0	60175	0	42899308	0	601224	0	
15:00:25.689	303	0.654033515198753	999	0	60175	0	42899308	0	601224	0	
15:00:26.689	304	0.654033515198753	999	0	60175	0	42899308	0	601224	0	
15:00:27.689	305	0.654033515198753	999	0	60175	0	42899308	0	601224	0	
15:00:28.689	306	0.654033515198753	999	0	60175	0	42899308	0	601224	0	
15:00:29.689	307	0.654033515198753	999	0	60175	0	42899308	0	601224	0	
15:00:30.689	308	0.654033515198753	999	0	60175	0	42899308	0	601224	0	
15:00:31.689	309	0.654033515198753	999	0	60175	0	42899308	0	601224	0	
15:00:32.689	310	0.654033515198753	999	0	60175	0	42899308	0	601224	0	
15:00:33.689	311	0.654033515198753	999	0	60175	0	42899308	0	601224	0	
15:00:34.689	312	0.654033515198753	999	0	60175	0	42899308	0	601224	0	
15:00:35.690	313	0.654033515198753	999	0	60175	0	42899308	0	601224	0	
15:00:36.689	314	0.654033515198753	999	0	60175	0	42899308	0	601224	0	
15:00:37.689	315	0.654033515198753	999	0	60175	0	42899308	0	601224	0	
15:00:38.689	316	0.654033515198753	999	0	60175	0	42899308	0	601224	0	
15:00:39.690	317	0.654033515198753	999	0	60175	0	42899308	0	601224	0	
15:00:40.689	318	0.654033515198753	999	0	60175	0	42899308	0	601224	0	
15:00:41.689	319	0.654033515198753	999	0	60175	0	42899308	0	601224	0	
15:00:42.689	320	0.654033515198753	999	0	60175	0	42899308	0	601224	0	
15:00:43.689	321	0.654033515198753	999	0	60175	0	42899308	0	601224	0	
15:00:44.689	322	0.654033515198753	999	0	60175	0	42899308	0	601224	0	
15:00:45.689	323	0.654033515198753	999	0	60175	0	42899308	0	601224	0	
15:00:46.690	324	0.654033515198753	999	0	60175	0	42899308	0	601224	0	
15:00:47.689	325	0.654033515198753	999	0	60175	0	42899308	0	601224	0	
15:00:48.689	326	0.654033515198753	999	0	60175	0	42899308	0	601224	0	
15:00:49.690	327	0.654033515198753	999	0	60175	0	42899308	0	601224	0	
15:00:50.689	328	0.654033515198753	999	0	60175	0	42899308	0	601224	0	
15:00:51.689	329	0.654033515198753	999	0	60175	0	42899308	0	601224	0	
15:00:52.690	330	0.654033515198753	999	0	60175	0	42899308	0	601224	0	
15:00:53.689	331	0.654033515198753	999	0	60175	0	42899308	0	601224	0	
15:00:54.689	332	0.654033515198753	999	0	60175	0	42899308	0	601224	0	
15:00:55.689	333	0.654033515198753	999	0	60175	0	42899308	0	601224	0	
15:00:56.689	334	0.654033515198753	999	0	60175	0	42899308	0	601224	0	
15:00:57.689	335	0.654033515198753	999	0	60175	0	42899308	0	601224	0	
15:00:58.689	336	0.654033515198753	999	0	60175	0	42899308	0	601224	0	
15:00:59.690	337	0.654033515198753	999	0	60175	0	42899308	0	601224	0	
15:01:00.690	338	0.654033515198753	999	0	60175	0	42899308	0	601224	0	
15:01:01.690	339	0.654033515198753	999	0	60175	0	42899308	0	601224	0	
15:01:02.690	340	0.654033515198753	999	0	60175	0	42899308	0	601224	0	
15:01:03.691	341	0.654033515198753	999	0	60175	0	42899308	0	601224	0	
15:01:04.690	342	0.654033515198753	999	0	60175	0	42899308	0	601224	0	
15:01:05.690	343	0.654033515198753	999	0	60175	0	42899308	0	601224	0	
15:01:06.690	344	0.654033515198753	999	0	60175	0	42899308	0	601224	0	
15:01:07.691	345	0.654033515198753	999	0	60175	0	42899308	0	601224	0	
15:01:08.691	346	0.654033515198753	999	0	60175	0	42899308	0	601224	0	
15:01:09.691	347	0.654033515198753	999	0	60175	0	42899308	0	601224	0	
15:01:10.691	348	0.654033515198753	999	0	60175	0	42899308	0	601224	0	
15:01:11.691	349	0.654033515198753	999	0	60175	0	42899308	0	601224	0	
15:01:12.691	350	0.654033515198753	999	0	60175	0	42899308	0	601224	0	
15:01:13.691	351	0.654033515198753	999	0	60175	0	42899308	0	601224	0	
15:01:14.692	352	0.654033515198753	999	0	60175	0	42899308	0	601224	0	
15:01:15.691	353	0.654033515198753	999	0	60175	0	42899308	0	601224	0	
15:01:16.691	354	0.654033515198753	999	0	60175	0	42899308	0	601224	0	
15:01:17.691	355	0.654033515198753	999	0	60175	0	42899308	0	601224	0	
15:01:18.692	356	0.654033515198753	999	0	60175	0	42899308	0	601224	0	
15:01:19.691	357	0.654033515198753	999	0	60175	0	42899308	0	601224	0	
15:01:20.692	358	0.654033515198753	999	0	60175	0	42899308	0	601224	0	
15:01:21.692	359	0.654033515198753	999	0	60175	0	42899308	0	601224	0	
15:01:22.692	360	0.654033515198753	999	0	60175	0	42899308	0	601224	0	
15:01:23.692	361	0.654033515198753	999	0	60175	0	42899308	0	601224	0	
15:01:24.693	362	0.654033515198753	999	0	60175	0	42899308	0	601224	0	
15:01:25.692	363	0.654033515198753	999	0	60175	0	42899308	0	601224	0	
15:01:26.692	364	0.654033515198753	999	0	60175	0	42899308	0	601224	0	
15:01:27.692	365	0.654033515198753	999	0	60175	0	42899308	0	601224	0	
15:01:28.693	366	0.654033515198753	999	0	60175	0	42899308	0	601224	0	
15:01:29.692	367	0.654033515198753	999	0	60175	0	42899308	0	601224	0	
15:01:30.692	368	0.654033515198753	999	0	60175	0	42899308	0	601224	0	
15:01:31.692	369	0.654033515198753	999	0	60175	0	42899308	0	601224	0	
15:01:32.693	370	0.654033515198753	999	0	60175	0	42899308	0	601224	0	
15:01:33.692	371	0.654033515198753	999	0	60175	0	42899308	0	601224	0	
15:01:34.692	372	0.654033515198753	999	0	60175	0	42899308	0	601224	0	
15:01:35.692	373	0.654033515198753	999	0	60175	0	42899308	0	601224	0	
15:01:36.693	374	0.654033515198753	999	0	60175	0	42899308	0	601224	0	
15:01:37.693	375	0.654033515198753	999	0	60175	0	42899308	0	601224	0	
15:01:38.693	376	0.654033515198753	999	0	60175	0	42899308	0	601224	0	
15:01:39.693	377	0.654033515198753	999	0	60175	0	42899308	0	601224	0	
15:01:40.693	378	0.654033515198753	999	0	60175	0	42899308	0	601224	0	
15:01:41.693	379	0.654033515198753	999	0	60175	0	42899308	0	601224	0	
15:01:42.694	380	0.654033515198753	999	0	60175	0	42899308	0	601224	0	
15:01:43.693	381	0.654033515198753	999	0	60175	0	42899308	0	601224	0	
15:01:44.693	382	0.654033515198753	999	0	60175	0	42899308	0	601224	0	
15:01:45.693	383	0.654033515198753	999	0	60175	0	42899308	0	601224	0	
15:01:46.693	384	0.654033515198753	999	0	60175	0	42899308	0	601224	0	
15:01:47.694	385	0.654033515198753	999	0	60175	0	42899308	0	601224	0	
15:01:48.693	386	0.654033515198753	999	0	60175	0	42899308	0	601224	0	
15:01:49.693	387	0.654033515198753	999	0	60175	0	42899308	0	601224	0	
15:01:50.693	388	0.654033515198753	999	0	60175	0	42899308	0	601224	0	
15:01:51.694	389	0.654033515198753	999	0	60175	0	42899308	0	601224	0	
15:01:52.693	390	0.654033515198753	999	0	60175	0	42899308	0	601224	0	
15:01:53.693	391	0.654033515198753	999	0	60175	0	42899308	0	601224	0	
15:01:54.693	392	0.654033515198753	999	0	60175	0	42899308	0	601224	0	
15:01:55.693	393	0.654033515198753	999	0	60175	0	42899308	0	601224	0	
15:01:56.693	394	0.654033515198753	999	0	60175	0	42899308	0	601224	0	
15:01:57.693	395	0.654033515198753	999	0	60175	0	42899308	0	601224	0	
15:01:58.694	396	0.654033515198753	999	0	60175	0	42899308	0	601224	0	
15:01:59.694	397	0.654033515198753	999	0	60175	0	42899308	0	601224	0	
15:02:00.694	398	0.654033515198753	999	0	60175	0	42899308	0	601224	0	
15:02:01.694	399	0.654033515198753	999	0	60175	0	42899308	0	601224	0	
15:02:02.694	400	0.654033515198753	999	0	60175	0	42899308	0	601224	0	
15:02:03.694	401	0.654033515198753	999	0	60175	0	42899308	0	601224	0	
15:02:04.694	402	0.654033515198753	999	0	60175	0	42899308	0	601224	0	
15:02:05.695	403	0.654033515198753	999	0	60175	0	42899308	0	601224	0	
15:02:06.694	404	0.654033515198753	999	0	60175	0	42899308	0	601224	0	
15:02:07.694	405	0.654033515198753	999	0	60175	0	42899308	0	601224	0	
15:02:08.694	406	0.654033515198753	999	0	60175	0	42899308	0	601224	0	
15:02:09.694	407	0.654033515198753	999	0	60175	0	42899308	0	601224	0	
15:02:10.694	408	0.654033515198753	999	0	60175	0	42899308	0	601224	0	
15:02:11.695	409	0.654033515198753	999	0	60175	0	42899308	0	601224	0	
15:02:12.695	410	0.654033515198753	999	0	60175	0	42899308	0	601224	0	
15:02:13.695	411	0.654033515198753	999	0	60175	0	42899308	0	601224	0	
15:02:14.695	412	0.654033515198753	999	0	60175	0	42899308	0	601224	0	
15:02:15.696	413	0.654033515198753	999	0	60175	0	42899308	0	601224	0	
15:02:16.695	414	0.654033515198753	999	0	60175	0	42899308	0	601224	0	
15:02:17.695	415	0.654033515198753	999	0	60175	0	42899308	0	601224	0	
15:02:18.695	416	0.654033515198753	999	0	60175	0	42899308	0	601224	0	
15:02:19.695	417	0.654033515198753	999	0	60175	0	42899308	0	601224	0	
15:02:20.695	418	0.654033515198753	999	0	60175	0	42899308	0	601224	0	
15:02:21.695	419	0.654033515198753	999	0	60175	0	42899308	0	601224	0	
15:02:22.695	420	0.654033515198753	999	0	60175	0	42899308	0	601224	0	
15:02:23.696	421	0.654033515198753	999	0	60175	0	42899308	0	601224	0	
15:02:24.696	422	0.654033515198753	999	0	60175	0	42899308	0	601224	0	
15:02:25.696	423	0.654033515198753	999	0	60175	0	42899308	0	601224	0	
15:02:26.696	424	0.654033515198753	999	0	60175	0	42899308	0	601224	0	
15:02:27.697	425	0.654033515198753	999	0	60175	0	42899308	0	601224	0	
15:02:28.696	426	0.654033515198753	999	0	60175	0	42899308	0	601224	0	
15:02:29.696	427	0.654033515198753	999	0	60175	0	42899308	0	601224	0	
15:02:30.696	428	0.654033515198753	999	0	60175	0	42899308	0	601224	0	
15:02:31.697	429	0.654033515198753	999	0	60175	0	42899308	0	601224	0	
15:02:32.696	430	0.654033515198753	999	0	60175	0	42899308	0	601224	0	
15:02:33.696	431	0.654033515198753	999	0	60175	0	42899308	0	601224	0	
15:02:34.696	432	0.654033515198753	999	0	60175	0	42899308	0	601224	0	
15:02:35.696	433	0.654033515198753	999	0	60175	0	42899308	0	601224	0	
15:02:36.696	434	0.654033515198753	999	0	60175	0	42899308	0	601224	0	
15:02:37.696	435	0.654033515198753	999	0	60175	0	42899308	0	601224	0	
15:02:38.696	436	0.654033515198753	999	0	60175	0	42899308	0	601224	0	
15:02:39.696	437	0.654033515198753	999	0	60175	0	42899308	0	601224	0	
15:02:40.696	438	0.654033515198753	999	0	60175	0	42899308	0	601224	0	
15:02:41.697	439	0.654033515198753	999	0	60175	0	42899308	0	601224	0	
15:02:42.698	440	0.654033515198753	999	0	60175	0	42899308	0	601224	0	
15:02:43.698	441	0.654033515198753	999	0	60175	0	42899308	0	601224	0	
15:02:44.698	442	0.654033515198753	999	0	60175	0	42899308	0	601224	0	
15:02:45.698	443	0.654033515198753	999	0	60175	0	42899308	0	601224	0	
15:02:46.698	444	0.654033515198753	999	0	60175	0	42899308	0	601224	0	
15:02:47.698	445	0.654033515198753	999	0	60175	0	42899308	0	601224	0	
15:02:48.698	446	0.654033515198753	999	0	60175	0	42899308	0	601224	0	
15:02:49.698	447	0.654033515198753	999	0	60175	0	42899308	0	601224	0	
15:02:50.698	448	0.654033515198753	999	0	60175	0	42899308	0	601224	0	
15:02:51.698	449	0.654033515198753	999	0	60175	0	42899308	0	601224	0	
15:02:52.699	450	0.654033515198753	999	0	60175	0	42899308	0	601224	0	
15:02:53.698	451	0.654033515198753	999	0	60175	0	42899308	0	601224	0	
15:02:54.698	452	0.654033515198753	999	0	60175	0	42899308	0	601224	0	
15:02:55.698	453	0.654033515198753	999	0	60175	0	42899308	0	601224	0	
15:02:56.699	454	0.654033515198753	999	0	60175	0	42899308	0	601224	0	
15:02:57.700	455	0.654033515198753	999	0	60175	0	42899308	0	601224	0	
15:02:58.700	456	0.654033515198753	999	0	60175	0	42899308	0	601224	0	
15:02:59.700	457	0.654033515198753	999	0	60175	0	42899308	0	601224	0	
15:03:00.700	458	0.654033515198753	999	0	60175	0	42899308	0	601224	0	
15:03:01.700	459	0.654033515198753	999	0	60175	0	42899308	0	601224	0	
15:03:02.700	460	0.654033515198753	999	0	60175	0	42899308	0	601224	0	
15:03:03.700	461	0.654033515198753	999	0	60175	0	42899308	0	601224	0	
15:03:04.700	462	0.654033515198753	999	0	60175	0	42899308	0	601224	0	
15:03:05.701	463	0.654033515198753	999	0	60175	0	42899308	0	601224	0	
15:03:06.701	464	0.654033515198753	999	0	60175	0	42899308	0	601224	0	
15:03:07.701	465	0.654033515198753	999	0	60175	0	42899308	0	601224	0	
15:03:08.701	466	0.654033515198753	999	0	60175	0	42899308	0	601224	0	
15:03:09.702	467	0.654033515198753	999	0	60175	0	42899308	0	601224	0	
15:03:10.701	468	0.654033515198753	999	0	60175	0	42899308	0	601224	0	
15:03:11.702	469	0.654033515198753	999	0	60175	0	42899308	0	601224	0	
15:03:12.701	470	0.654033515198753	999	0	60175	0	42899308	0	601224	0	
15:03:13.701	471	0.654033515198753	999	0	60175	0	42899308	0	601224	0	
15:03:14.701	472	0.654033515198753	999	0	60175	0	42899308	0	601224	0	
15:03:15.702	473	0.654033515198753	999	0	60175	0	42899308	0	601224	0	
15:03:16.701	474	0.654033515198753	999	0	60175	0	42899308	0	601224	0	
15:03:17.701	475	0.654033515198753	999	0	60175	0	42899308	0	601224	0	
15:03:18.701	476	0.654033515198753	999	0	60175	0	42899308	0	601224	0	
15:03:19.701	477	0.654033515198753	999	0	60175	0	42899308	0	601224	0	
15:03:20.701	478	0.654033515198753	999	0	60175	0	42899308	0	601224	0	
15:03:21.701	479	0.654033515198753	999	0	60175	0	42899308	0	601224	0	
15:03:22.702	480	0.654033515198753	999	0	60175	0	42899308	0	601224	0	
15:03:23.702	481	0.654033515198753	999	0	60175	0	42899308	0	601224	0	
15:03:24.702	482	0.654033515198753	999	0	60175	0	42899308	0	601224	0	
15:03:25.702	483	0.654033515198753	999	0	60175	0	42899308	0	601224	0	
15:03:26.702	484	0.654033515198753	999	0	60175	0	42899308	0	601224	0	
15:03:27.702	485	0.654033515198753	999	0	60175	0	42899308	0	601224	0	
15:03:28.702	486	0.654033515198753	999	0	60175	0	42899308	0	601224	0	
15:03:29.702	487	0.654033515198753	999	0	60175	0	42899308	0	601224	0	
15:03:30.703	488	0.654033515198753	999	0	60175	0	42899308	0	601224	0	
15:03:31.702	489	0.654033515198753	999	0	60175	0	42899308	0	601224	0	
15:03:32.702	490	0.654033515198753	999	0	60175	0	42899308	0	601224	0	
15:03:33.702	491	0.654033515198753	999	0	60175	0	42899308	0	601224	0	
15:03:34.703	492	0.654033515198753	999	0	60175	0	42899308	0	601224	0	
15:03:35.702	493	0.654033515198753	999	0	60175	0	42899308	0	601224	0	
15:03:36.702	494	0.654033515198753	999	0	60175	0	42899308	0	601224	0	
15:03:37.703	495	0.654033515198753	999	0	60175	0	42899308	0	601224	0	
15:03:38.702	496	0.654033515198753	999	0	60175	0	42899308	0	601224	0	
15:03:39.703	497	0.654033515198753	999	0	60175	0	42899308	0	601224	0	
15:03:40.702	498	0.654033515198753	999	0	60175	0	42899308	0	601224	0	
15:03:41.703	499	0.654033515198753	999	0	60175	0	42899308	0	601224	0	
15:03:42.702	500	0.654033515198753	999	0	60175	0	42899308	0	601224	0	
15:03:43.702	501	0.654033515198753	999	0	60175	0	42899308	0	601224	0	
15:03:44.702	502	0.654033515198753	999	0	60175	0	42899308	0	601224	0	
15:03:45.702	503	0.654033515198753	999	0	60175	0	42899308	0	601224	0	
15:03:46.702	504	0.654033515198753	999	0	60175	0	42899308	0	601224	0	
15:03:47.702	505	0.654033515198753	999	0	60175	0	42899308	0	601224	0	
15:03:48.703	506	0.654033515198753	999	0	60175	0	42899308	0	601224	0	
15:03:49.702	507	0.654033515198753	999	0	60175	0	42899308	0	601224	0	
15:03:50.702	508	0.654033515198753	999	0	60175	0	42899308	0	601224	0	
15:03:51.702	509	0.654033515198753	999	0	60175	0	42899308	0	601224	0	
15:03:52.703	510	0.654033515198753	999	0	60175	0	42899308	0	601224	0	
15:03:53.702	511	0.654033515198753	999	0	60175	0	42899308	0	601224	0	
15:03:54.702	512	0.654033515198753	999	0	60175	0	42899308	0	601224	0	
15:03:55.702	513	0.654033515198753	999	0	60175	0	42899308	0	601224	0	
15:03:56.702	514	0.654033515198753	999	0	60175	0	42899308	0	601224	0	
15:03:57.702	515	0.654033515198753	999	0	60175	0	42899308	0	601224	0	
15:03:58.702	516	0.654033515198753	999	0	60175	0	42899308	0	601224	0	
15:03:59.702	517	0.654033515198753	999	0	60175	0	42899308	0	601224	0	
15:04:00.702	518	0.654033515198753	999	0	60175	0	42899308	0	601224	0	
15:04:01.702	519	0.654033515198753	999	0	60175	0	42899308	0	601224	0	
15:04:02.703	520	0.654033515198753	999	0	60175	0	42899308	0	601224	0	
15:04:03.702	521	0.654033515198753	999	0	60175	0	42899308	0	601224	0	
15:04:04.702	522	0.654033515198753	999	0	60175	0	42899308	0	601224	0	
15:04:05.702	523	0.654033515198753	999	0	60175	0	42899308	0	601224	0	
15:04:06.703	524	0.654033515198753	999	0	60175	0	42899308	0	601224	0	
15:04:07.703	525	0.654033515198753	999	0	60175	0	42899308	0	601224	0	
15:04:08.703	526	0.654033515198753	999	0	60175	0	42899308	0	601224	0	
15:04:09.703	527	0.654033515198753	999	0	60175	0	42899308	0	601224	0	
15:04:10.704	528	0.654033515198753	999	0	60175	0	42899308	0	601224	0	
15:04:11.704	529	0.654033515198753	999	0	60175	0	42899308	0	601224	0	
15:04:12.704	530	0.654033515198753	999	0	60175	0	42899308	0	601224	0	
15:04:13.704	531	0.654033515198753	999	0	60175	0	42899308	0	601224	0	
15:04:14.705	532	0.654033515198753	999	0	60175	0	42899308	0	601224	0	
15:04:15.705	533	0.654033515198753	999	0	60175	0	42899308	0	601224	0	
15:04:16.705	534	0.654033515198753	999	0	60175	0	42899308	0	601224	0	
15:04:17.706	535	0.654033515198753	999	0	60175	0	42899308	0	601224	0	
15:04:18.705	536	0.654033515198753	999	0	60175	0	42899308	0	601224	0	
15:04:19.706	537	0.654033515198753	999	0	60175	0	42899308	0	601224	0	
15:04:20.705	538	0.654033515198753	999	0	60175	0	42899308	0	601224	0	
15:04:21.705	539	0.654033515198753	999	0	60175	0	42899308	0	601224	0	
15:04:22.705	540	0.654033515198753	999	0	60175	0	42899308	0	601224	0	
15:04:23.705	541	0.654033515198753	999	0	60175	0	42899308	0	601224	0	
15:04:24.705	542	0.654033515198753	999	0	60175	0	42899308	0	601224	0	
15:04:25.705	543	0.654033515198753	999	0	60175	0	42899308	0	601224	0	
15:04:26.706	544	0.654033515198753	999	0	60175	0	42899308	0	601224	0	
15:04:27.706	545	0.654033515198753	999	0	60175	0	42899308	0	601224	0	
15:04:28.706	546	0.654033515198753	999	0	60175	0	42899308	0	601224	0	
15:04:29.707	547	0.654033515198753	999	0	60175	0	42899308	0	601224	0	
15:04:30.707	548	0.654033515198753	999	0	60175	0	42899308	0	601224	0	
15:04:31.707	549	0.654033515198753	999	0	60175	0	42899308	0	601224	0	
15:04:32.707	550	0.654033515198753	999	0	60175	0	42899308	0	601224	0	
15:04:33.707	551	0.654033515198753	999	0	60175	0	42899308	0	601224	0	
15:04:34.707	552	0.654033515198753	999	0	60175	0	42899308	0	601224	0	
15:04:35.707	553	0.654033515198753	999	0	60175	0	42899308	0	601224	0	
15:04:36.707	554	0.654033515198753	999	0	60175	0	42899308	0	601224	0	
15:04:37.707	555	0.654033515198753	999	0	60175	0	42899308	0	601224	0	
15:04:38.707	556	0.654033515198753	999	0	60175	0	42899308	0	601224	0	
15:04:39.708	557	0.654033515198753	999	0	60175	0	42899308	0	601224	0	
15:04:40.707	558	0.654033515198753	999	0	60175	0	42899308	0	601224	0	
15:04:41.707	559	0.654033515198753	999	0	60175	0	42899308	0	601224	0	
15:04:42.708	560	0.654033515198753	999	0	60175	0	42899308	0	601224	0	
15:04:43.707	561	0.654033515198753	999	0	60175	0	42899308	0	601224	0	
15:04:44.707	562	0.654033515198753	999	0	60175	0	42899308	0	601224	0	
15:04:45.707	563	0.654033515198753	999	0	60175	0	42899308	0	601224	0	
15:04:46.708	564	0.654033515198753	999	0	60175	0	42899308	0	601224	0	
15:04:47.707	565	0.654033515198753	999	0	60175	0	42899308	0	601224	0	
15:04:48.707	566	0.654033515198753	999	0	60175	0	42899308	0	601224	0	
15:04:49.708	567	0.654033515198753	999	0	60175	0	42899308	0	601224	0	
15:04:50.707	568	0.654033515198753	999	0	60175	0	42899308	0	601224	0	
15:04:51.707	569	0.654033515198753	999	0	60175	0	42899308	0	601224	0	
15:04:52.707	570	0.654033515198753	999	0	60175	0	42899308	0	601224	0	
15:04:53.707	571	0.654033515198753	999	0	60175	0	42899308	0	601224	0	
15:04:54.707	572	0.654033515198753	999	0	60175	0	42899308	0	601224	0	
15:04:55.707	573	0.654033515198753	999	0	60175	0	42899308	0	601224	0	
15:04:56.707	574	0.654033515198753	999	0	60175	0	42899308	0	601224	0	
15:04:57.707	575	0.654033515198753	999	0	60175	0	42899308	0	601224	0	
15:04:58.707	576	0.654033515198753	999	0	60175	0	42899308	0	601224	0	
15:04:59.707	577	0.654033515198753	999	0	60175	0	42899308	0	601224	0	
15:05:00.708	578	0.654033515198753	999	0	60175	0	42899308	0	601224	0	
15:05:01.707	579	0.654033515198753	999	0	60175	0	42899308	0	601224	0	
15:05:02.707	580	0.654033515198753	999	0	60175	0	42899308	0	601224	0	
15:05:03.707	581	0.654033515198753	999	0	60175	0	42899308	0	601224	0	
15:05:04.708	582	0.654033515198753	999	0	60175	0	42899308	0	601224	0	
15:05:05.708	583	0.654033515198753	999	0	60175	0	42899308	0	601224	0	
15:05:06.708	584	0.654033515198753	999	0	60175	0	42899308	0	601224	0	
15:05:07.708	585	0.654033515198753	999	0	60175	0	42899308	0	601224	0	
15:05:08.709	586	0.654033515198753	999	0	60175	0	42899308	0	601224	0	
15:05:09.710	587	0.654033515198753	999	0	60175	0	42899308	0	601224	0	
15:05:10.709	588	0.654033515198753	999	0	60175	0	42899308	0	601224	0	
15:05:11.709	589	0.654033515198753	999	0	60175	0	42899308	0	601224	0	
15:05:12.710	590	0.654033515198753	999	0	60175	0	42899308	0	601224	0	
15:05:13.709	591	0.654033515198753	999	0	60175	0	42899308	0	601224	0	
15:05:14.709	592	0.654033515198753	999	0	60175	0	42899308	0	601224	0	
15:05:15.709	593	0.654033515198753	999	0	60175	0	42899308	0	601224	0	
15:05:16.709	594	0.654033515198753	999	0	60175	0	42899308	0	601224	0	
15:05:17.709	595	0.654033515198753	999	0	60175	0	42899308	0	601224	0	
15:05:18.710	596	0.654033515198753	999	0	60175	0	42899308	0	601224	0	
15:05:19.709	597	0.654033515198753	999	0	60175	0	42899308	0	601224	0	
15:05:20.709	598	0.654033515198753	999	0	60175	0	42899308	0	601224	0	
15:05:21.709	599	0.654033515198753	999	0	60175	0	42899308	0	601224	0	
15:05:22.710	600	0.654033515198753	999	0	60175	0	42899308	0	601224	0	
15:05:23.709	601	0.654033515198753	999	0	60175	0	42899308	0	601224	0	
15:05:24.709	602	0.654033515198753	999	0	60175	0	42899308	0	601224	0	
15:05:25.709	603	0.654033515198753	999	0	60175	0	42899308	0	601224	0	
15:05:26.709	604	0.654033515198753	999	0	60175	0	42899308	0	601224	0	
15:05:27.709	605	0.654033515198753	999	0	60175	0	42899308	0	601224	0	
15:05:28.709	606	0.654033515198753	999	0	60175	0	42899308	0	601224	0	
15:05:29.709	607	0.654033515198753	999	0	60175	0	42899308	0	601224	0	
15:05:30.710	608	0.654033515198753	999	0	60175	0	42899308	0	601224	0	
15:05:31.709	609	0.654033515198753	999	0	60175	0	42899308	0	601224	0	
15:05:32.709	610	0.654033515198753	999	0	60175	0	42899308	0	601224	0	
15:05:33.709	611	0.654033515198753	999	0	60175	0	42899308	0	601224	0	
15:05:34.709	612	0.654033515198753	999	0	60175	0	42899308	0	601224	0	
15:05:35.709	613	0.654033515198753	999	0	60175	0	42899308	0	601224	0	
15:05:36.709	614	0.654033515198753	999	0	60175	0	42899308	0	601224	0	
15:05:37.710	615	0.654033515198753	999	0	60175	0	42899308	0	601224	0	
15:05:38.709	616	0.654033515198753	999	0	60175	0	42899308	0	601224	0	
15:05:39.709	617	0.654033515198753	999	0	60175	0	42899308	0	601224	0	
15:05:40.709	618	0.654033515198753	999	0	60175	0	42899308	0	601224	0	
15:05:41.709	619	0.654033515198753	999	0	60175	0	42899308	0	601224	0	
15:05:42.709	620	0.654033515198753	999	0	60175	0	42899308	0	601224	0	
15:05:43.710	621	0.654033515198753	999	0	60175	0	42899308	0	601224	0	
15:05:44.710	622	0.654033515198753	999	0	60175	0	42899308	0	601224	0	
15:05:45.710	623	0.654033515198753	999	0	60175	0	42899308	0	601224	0	
15:05:46.710	624	0.654033515198753	999	0	60175	0	42899308	0	601224	0	
15:05:47.711	625	0.654033515198753	999	0	60175	0	42899308	0	601224	0	
15:05:48.711	626	0.654033515198753	999	0	60175	0	42899308	0	601224	0	
15:05:49.711	627	0.654033515198753	999	0	60175	0	42899308	0	601224	0	
15:05:50.711	628	0.654033515198753	999	0	60175	0	42899308	0	601224	0	
15:05:51.712	629	0.654033515198753	999	0	60175	0	42899308	0	601224	0	
15:05:52.711	630	0.654033515198753	999	0	60175	0	42899308	0	601224	0	
15:05:53.711	631	0.654033515198753	999	0	60175	0	42899308	0	601224	0	
15:05:54.711	632	0.654033515198753	999	0	60175	0	42899308	0	601224	0	
15:05:55.711	633	0.654033515198753	999	0	60175	0	42899308	0	601224	0	
15:05:56.711	634	0.654033515198753	999	0	60175	0	42899308	0	601224	0	
15:05:57.712	635	0.654033515198753	999	0	60175	0	42899308	0	601224	0	
15:05:58.711	636	0.654033515198753	999	0	60175	0	42899308	0	601224	0	
15:05:59.711	637	0.654033515198753	999	0	60175	0	42899308	0	601224	0	
15:06:00.711	638	0.654033515198753	999	0	60175	0	42899308	0	601224	0	
15:06:01.711	639	0.654033515198753	999	0	60175	0	42899308	0	601224	0	
15:06:02.711	640	0.654033515198753	999	0	60175	0	42899308	0	601224	0	
15:06:03.711	641	0.654033515198753	999	0	60175	0	42899308	0	601224	0	
15:06:04.712	642	0.654033515198753	999	0	60175	0	42899308	0	601224	0	
15:06:05.711	643	0.654033515198753	999	0	60175	0	42899308	0	601224	0	
15:06:06.711	644	0.654033515198753	999	0	60175	0	42899308	0	601224	0	
15:06:07.711	645	0.654033515198753	999	0	60175	0	42899308	0	601224	0	
15:06:08.711	646	0.654033515198753	999	0	60175	0	42899308	0	601224	0	
15:06:09.711	647	0.654033515198753	999	0	60175	0	42899308	0	601224	0	
15:06:10.711	648	0.654033515198753	999	0	60175	0	42899308	0	601224	0	
15:06:11.711	649	0.654033515198753	999	0	60175	0	42899308	0	601224	0	
15:06:12.712	650	0.654033515198753	999	0	60175	0	42899308	0	601224	0	
15:06:13.711	651	0.654033515198753	999	0	60175	0	42899308	0	601224	0	
15:06:14.711	652	0.654033515198753	999	0	60175	0	42899308	0	601224	0	
15:06:15.711	653	0.654033515198753	999	0	60175	0	42899308	0	601224	0	
15:06:16.711	654	0.654033515198753	999	0	60175	0	42899308	0	601224	0	
15:06:17.711	655	0.654033515198753	999	0	60175	0	42899308	0	601224	0	
15:06:18.712	656	0.654033515198753	999	0	60175	0	42899308	0	601224	0	
15:06:19.711	657	0.654033515198753	999	0	60175	0	42899308	0	601224	0	
15:06:20.711	658	0.654033515198753	999	0	60175	0	42899308	0	601224	0	
15:06:21.711	659	0.654033515198753	999	0	60175	0	42899308	0	601224	0	
15:06:22.711	660	0.654033515198753	999	0	60175	0	42899308	0	601224	0	
15:06:23.712	661	0.654033515198753	999	0	60175	0	42899308	0	601224	0	
15:06:24.712	662	0.654033515198753	999	0	60175	0	42899308	0	601224	0	
15:06:25.712	663	0.654033515198753	999	0	60175	0	42899308	0	601224	0	
15:06:26.712	664	0.654033515198753	999	0	60175	0	42899308	0	601224	0	
15:06:27.713	665	0.654033515198753	999	0	60175	0	42899308	0	601224	0	
15:06:28.712	666	0.654033515198753	999	0	60175	0	42899308	0	601224	0	
15:06:29.712	667	0.654033515198753	999	0	60175	0	42899308	0	601224	0	
15:06:30.712	668	0.654033515198753	999	0	60175	0	42899308	0	601224	0	
15:06:31.712	669	0.654033515198753	999	0	60175	0	42899308	0	601224	0	
15:06:32.712	670	0.654033515198753	999	0	60175	0	42899308	0	601224	0	
15:06:33.712	671	0.654033515198753	999	0	60175	0	42899308	0	601224	0	
15:06:34.712	672	0.654033515198753	999	0	60175	0	42899308	0	601224	0	
15:06:35.712	673	0.654033515198753	999	0	60175	0	42899308	0	601224	0	
15:06:36.712	674	0.654033515198753	999	0	60175	0	42899308	0	601224	0	
15:06:37.712	675	0.654033515198753	999	0	60175	0	42899308	0	601224	0	
15:06:38.712	676	0.654033515198753	999	0	60175	0	42899308	0	601224	0	
15:06:39.712	677	0.654033515198753	999	0	60175	0	42899308	0	601224	0	
15:06:40.712	678	0.654033515198753	999	0	60175	0	42899308	0	601224	0	
15:06:41.713	679	0.654033515198753	999	0	60175	0	42899308	0	601224	0	
15:06:42.712	680	0.654033515198753	999	0	60175	0	42899308	0	601224	0	
15:06:43.712	681	0.654033515198753	999	0	60175	0	42899308	0	601224	0	
15:06:44.713	682	0.654033515198753	999	0	60175	0	42899308	0	601224	0	
15:06:45.713	683	0.654033515198753	999	0	60175	0	42899308	0	601224	0	
15:06:46.713	684	0.654033515198753	999	0	60175	0	42899308	0	601224	0	
15:06:47.714	685	0.654033515198753	999	0	60175	0	42899308	0	601224	0	
15:06:48.713	686	0.654033515198753	999	0	60175	0	42899308	0	601224	0	
15:06:49.713	687	0.654033515198753	999	0	60175	0	42899308	0	601224	0	
15:06:50.713	688	0.654033515198753	999	0	60175	0	42899308	0	601224	0	
15:06:51.713	689	0.654033515198753	999	0	60175	0	42899308	0	601224	0	
15:06:52.713	690	0.654033515198753	999	0	60175	0	42899308	0	601224	0	
15:06:53.713	691	0.654033515198753	999	0	60175	0	42899308	0	601224	0	
15:06:54.713	692	0.654033515198753	999	0	60175	0	42899308	0	601224	0	
15:06:55.713	693	0.654033515198753	999	0	60175	0	42899308	0	601224	0	
15:06:56.714	694	0.654033515198753	999	0	60175	0	42899308	0	601224	0	
15:06:57.714	695	0.654033515198753	999	0	60175	0	42899308	0	601224	0	
15:06:58.714	696	0.654033515198753	999	0	60175	0	42899308	0	601224	0	
15:06:59.714	697	0.654033515198753	999	0	60175	0	42899308	0	601224	0	
15:07:00.714	698	0.654033515198753	999	0	60175	0	42899308	0	601224	0	
15:07:01.715	699	0.654033515198753	999	0	60175	0	42899308	0	601224	0	
15:07:02.714	700	0.654033515198753	999	0	60175	0	42899308	0	601224	0	
15:07:03.714	701	0.654033515198753	999	0	60175	0	42899308	0	601224	0	
15:07:04.715	702	0.654033515198753	999	0	60175	0	42899308	0	601224	0	
15:07:05.714	703	0.654033515198753	999	0	60175	0	42899308	0	601224	0	
15:07:06.714	704	0.654033515198753	999	0	60175	0	42899308	0	601224	0	
15:07:07.714	705	0.654033515198753	999	0	60175	0	42899308	0	601224	0	
15:07:08.714	706	0.654033515198753	999	0	60175	0	42899308	0	601224	0	
15:07:09.714	707	0.654033515198753	999	0	60175	0	42899308	0	601224	0	
15:07:10.714	708	0.654033515198753	999	0	60175	0	42899308	0	601224	0	
15:07:11.714	709	0.654033515198753	999	0	60175	0	42899308	0	601224	0	
15:07:12.714	710	0.654033515198753	999	0	60175	0	42899308	0	601224	0	
15:07:13.714	711	0.654033515198753	999	0	60175	0	42899308	0	601224	0	
15:07:14.715	712	0.654033515198753	999	0	60175	0	42899308	0	601224	0	
15:07:15.715	713	0.654033515198753	999	0	60175	0	42899308	0	601224	0	
15:07:16.715	714	0.654033515198753	999	0	60175	0	42899308	0	601224	0	
15:07:17.715	715	0.654033515198753	999	0	60175	0	42899308	0	601224	0	
15:07:18.716	716	0.654033515198753	999	0	60175	0	42899308	0	601224	0	
15:07:19.715	717	0.654033515198753	999	0	60175	0	42899308	0	601224	0	
15:07:20.715	718	0.654033515198753	999	0	60175	0	42899308	0	601224	0	
15:07:21.716	719	0.654033515198753	999	0	60175	0	42899308	0	601224	0	
15:07:22.715	720	0.654033515198753	999	0	60175	0	42899308	0	601224	0	
15:07:23.715	721	0.654033515198753	999	0	60175	0	42899308	0	601224	0	
15:07:24.715	722	0.654033515198753	999	0	60175	0	42899308	0	601224	0	
15:07:25.716	723	0.654033515198753	999	0	60175	0	42899308	0	601224	0	
15:07:26.715	724	0.654033515198753	999	0	60175	0	42899308	0	601224	0	
15:07:27.715	725	0.654033515198753	999	0	60175	0	42899308	0	601224	0	
15:07:28.715	726	0.654033515198753	999	0	60175	0	42899308	0	601224	0	
15:07:29.715	727	0.654033515198753	999	0	60175	0	42899308	0	601224	0	
15:07:30.715	728	0.654033515198753	999	0	60175	0	42899308	0	601224	0	
15:07:31.715	729	0.654033515198753	999	0	60175	0	42899308	0	601224	0	
15:07:32.715	730	0.654033515198753	999	0	60175	0	42899308	0	601224	0	
15:07:33.716	731	0.654033515198753	999	0	60175	0	42899308	0	601224	0	
15:07:34.715	732	0.654033515198753	999	0	60175	0	42899308	0	601224	0	
15:07:35.715	733	0.654033515198753	999	0	60175	0	42899308	0	601224	0	
15:07:36.715	734	0.654033515198753	999	0	60175	0	42899308	0	601224	0	
15:07:37.716	735	0.654033515198753	999	0	60175	0	42899308	0	601224	0	
15:07:38.715	736	0.654033515198753	999	0	60175	0	42899308	0	601224	0	
15:07:39.715	737	0.654033515198753	999	0	60175	0	42899308	0	601224	0	
15:07:40.715	738	0.654033515198753	999	0	60175	0	42899308	0	601224	0	
15:07:41.715	739	0.654033515198753	999	0	60175	0	42899308	0	601224	0	
15:07:42.715	740	0.654033515198753	999	0	60175	0	42899308	0	601224	0	
15:07:43.716	741	0.654033515198753	999	0	60175	0	42899308	0	601224	0	
15:07:44.715	742	0.654033515198753	999	0	60175	0	42899308	0	601224	0	
15:07:45.715	743	0.654033515198753	999	0	60175	0	42899308	0	601224	0	
15:07:46.715	744	0.654033515198753	999	0	60175	0	42899308	0	601224	0	
15:07:47.715	745	0.654033515198753	999	0	60175	0	42899308	0	601224	0	
15:07:48.715	746	0.654033515198753	999	0	60175	0	42899308	0	601224	0	
15:07:49.715	747	0.654033515198753	999	0	60175	0	42899308	0	601224	0	
15:07:50.715	748	0.654033515198753	999	0	60175	0	42899308	0	601224	0	
15:07:51.715	749	0.654033515198753	999	0	60175	0	42899308	0	601224	0	
15:07:52.715	750	0.654033515198753	999	0	60175	0	42899308	0	601224	0	
15:07:53.715	751	0.654033515198753	999	0	60175	0	42899308	0	601224	0	
15:07:54.715	752	0.654033515198753	999	0	60175	0	42899308	0	601224	0	
