# Comment
statistic ../../stat/1000nodes/nokeepalive.dat

msg_delay 100

node_add 0,0,0,0,0,0,0,0,0,0
node_add 0,0,0,0,0,0,0,0,0,0
node_add 0,0,0,0,0,0,0,0,0,0
node_add 0,0,0,0,0,0,0,0,0,0
node_add 0,0,0,0,0,0,0,0,0,0
node_add 0,0,0,0,0,0,0,0,0,0
node_add 0,0,0,0,0,0,0,0,0,0
node_add 0,0,0,0,0,0,0,0,0,0
node_add 0,0,0,0,0,0,0,0,0,0
node_add 0,0,0,0,0,0,0,0,0,0
node_add 0,0,0,0,0,0,0,0,0,0
node_add 0,0,0,0,0,0,0,0,0,0
node_add 0,0,0,0,0,0,0,0,0,0
node_add 0,0,0,0,0,0,0,0,0,0
node_add 0,0,0,0,0,0,0,0,0,0
node_add 0,0,0,0,0,0,0,0,0,0
node_add 0,0,0,0,0,0,0,0,0,0
node_add 0,0,0,0,0,0,0,0,0,0
node_add 0,0,0,0,0,0,0,0,0,0
node_add 0,0,0,0,0,0,0,0,0,0
node_add 0,0,0,0,0,0,0,0,0,0
node_add 0,0,0,0,0,0,0,0,0,0
node_add 0,0,0,0,0,0,0,0,0,0
node_add 0,0,0,0,0,0,0,0,0,0
node_add 0,0,0,0,0,0,0,0,0,0
node_add 0,0,0,0,0,0,0,0,0,0
node_add 0,0,0,0,0,0,0,0,0,0
node_add 0,0,0,0,0,0,0,0,0,0
node_add 0,0,0,0,0,0,0,0,0,0
node_add 0,0,0,0,0,0,0,0,0,0
node_add 0,0,0,0,0,0,0,0,0,0
node_add 0,0,0,0,0,0,0,0,0,0
node_add 0,0,0,0,0,0,0,0,0,0
node_add 0,0,0,0,0,0,0,0,0,0
node_add 0,0,0,0,0,0,0,0,0,0
node_add 0,0,0,0,0,0,0,0,0,0
node_add 0,0,0,0,0,0,0,0,0,0
node_add 0,0,0,0,0,0,0,0,0,0
node_add 0,0,0,0,0,0,0,0,0,0
node_add 0,0,0,0,0,0,0,0,0,0
node_add 0,0,0,0,0,0,0,0,0,0
node_add 0,0,0,0,0,0,0,0,0,0
node_add 0,0,0,0,0,0,0,0,0,0
node_add 0,0,0,0,0,0,0,0,0,0
node_add 0,0,0,0,0,0,0,0,0,0
node_add 0,0,0,0,0,0,0,0,0,0
node_add 0,0,0,0,0,0,0,0,0,0
node_add 0,0,0,0,0,0,0,0,0,0
node_add 0,0,0,0,0,0,0,0,0,0
node_add 0,0,0,0,0,0,0,0,0,0
node_add 0,0,0,0,0,0,0,0,0,0
node_add 0,0,0,0,0,0,0,0,0,0
node_add 0,0,0,0,0,0,0,0,0,0
node_add 0,0,0,0,0,0,0,0,0,0
node_add 0,0,0,0,0,0,0,0,0,0
node_add 0,0,0,0,0,0,0,0,0,0
node_add 0,0,0,0,0,0,0,0,0,0
node_add 0,0,0,0,0,0,0,0,0,0
node_add 0,0,0,0,0,0,0,0,0,0
node_add 0,0,0,0,0,0,0,0,0,0
node_add 0,0,0,0,0,0,0,0,0,0
node_add 0,0,0,0,0,0,0,0,0,0
node_add 0,0,0,0,0,0,0,0,0,0
node_add 0,0,0,0,0,0,0,0,0,0
node_add 0,0,0,0,0,0,0,0,0,0
node_add 0,0,0,0,0,0,0,0,0,0
node_add 0,0,0,0,0,0,0,0,0,0
node_add 0,0,0,0,0,0,0,0,0,0
node_add 0,0,0,0,0,0,0,0,0,0
node_add 0,0,0,0,0,0,0,0,0,0
node_add 0,0,0,0,0,0,0,0,0,0
node_add 0,0,0,0,0,0,0,0,0,0
node_add 0,0,0,0,0,0,0,0,0,0
node_add 0,0,0,0,0,0,0,0,0,0
node_add 0,0,0,0,0,0,0,0,0,0
node_add 0,0,0,0,0,0,0,0,0,0
node_add 0,0,0,0,0,0,0,0,0,0
node_add 0,0,0,0,0,0,0,0,0,0
node_add 0,0,0,0,0,0,0,0,0,0
node_add 0,0,0,0,0,0,0,0,0,0
node_add 0,0,0,0,0,0,0,0,0,0
node_add 0,0,0,0,0,0,0,0,0,0
node_add 0,0,0,0,0,0,0,0,0,0
node_add 0,0,0,0,0,0,0,0,0,0
node_add 0,0,0,0,0,0,0,0,0,0
node_add 0,0,0,0,0,0,0,0,0,0
node_add 0,0,0,0,0,0,0,0,0,0
node_add 0,0,0,0,0,0,0,0,0,0
node_add 0,0,0,0,0,0,0,0,0,0
node_add 0,0,0,0,0,0,0,0,0,0
node_add 0,0,0,0,0,0,0,0,0,0
node_add 0,0,0,0,0,0,0,0,0,0
node_add 0,0,0,0,0,0,0,0,0,0
node_add 0,0,0,0,0,0,0,0,0,0
node_add 0,0,0,0,0,0,0,0,0,0
node_add 0,0,0,0,0,0,0,0,0,0
node_add 0,0,0,0,0,0,0,0,0,0
node_add 0,0,0,0,0,0,0,0,0,0
node_add 0,0,0,0,0,0,0,0,0,0
node_add 0,0,0,0,0,0,0,0,0,0
