# TriggerType: TRIGGER_SECOND
#-----
#TimeStamp	Sec	Hth	Con	ConD	Fin	FinD	Data	DataD	Pkt	PktD
14:22:34.569	0	1.9293845263360988E-4	1	1	2	2	23151	23151	1099	1099	
14:22:35.569	1	1.9293845263360988E-4	1	0	2	0	23151	0	1099	0	
14:22:36.569	2	1.9293845263360988E-4	1	0	2	0	23151	0	1099	0	
14:22:37.569	3	1.9293845263360988E-4	1	0	2	0	23151	0	1099	0	
14:22:38.569	4	1.9293845263360988E-4	1	0	2	0	23151	0	1099	0	
14:22:39.570	5	1.9293845263360988E-4	2	1	9	7	53686	30535	2286	1187	
14:22:40.569	6	1.9293845263360988E-4	3	1	15	6	55581	1895	2473	187	
14:22:41.569	7	1.9293845263360988E-4	3	0	15	0	55581	0	2473	0	
14:22:42.569	8	1.9293845263360988E-4	3	0	15	0	55581	0	2473	0	
14:22:43.569	9	1.9293845263360988E-4	3	0	15	0	55581	0	2473	0	
14:22:44.569	10	1.9293845263360988E-4	4	1	26	11	91512	35931	3720	1247	
14:22:45.569	11	1.9293845263360988E-4	7	3	51	25	95876	4364	4056	336	
14:22:46.569	12	1.9293845263360988E-4	7	0	53	2	96022	146	4058	2	
14:22:47.570	13	1.9293845263360988E-4	7	0	53	0	96022	0	4058	0	
14:22:48.571	14	1.9293845263360988E-4	7	0	53	0	96022	0	4058	0	
14:22:49.571	15	1.9293845263360988E-4	8	1	66	13	134216	38194	5312	1254	
14:22:50.571	16	1.9293845263360988E-4	15	7	129	63	145905	11689	5885	573	
14:22:51.571	17	3.8587690526721975E-4	15	0	179	50	149774	3869	5938	53	
14:22:52.571	18	3.8587690526721975E-4	15	0	179	0	149774	0	5938	0	
14:22:53.571	19	3.8587690526721975E-4	15	0	179	0	149774	0	5938	0	
14:22:54.571	20	3.8587690526721975E-4	16	1	193	14	188836	39062	7172	1234	
14:22:55.571	21	0.001543507621068879	31	15	313	120	215953	27117	8133	961	
14:22:56.572	22	0.0019293845263360988	31	0	528	215	240773	24820	8473	340	
14:22:57.571	23	0.0021223229789697085	31	0	557	29	243474	2701	8510	37	
14:22:58.571	24	0.0021223229789697085	31	0	557	0	243474	0	8510	0	
14:22:59.572	25	0.003087015242137758	32	1	570	13	281479	38005	9695	1185	
14:23:00.571	26	0.007331661200077175	58	26	730	160	318679	37200	10879	1184	
14:23:01.571	27	0.009261045726413274	61	3	1155	425	398708	80029	11992	1113	
14:23:02.571	28	0.011576307158016592	61	0	1349	194	431631	32923	12443	451	
14:23:03.572	29	0.011576307158016592	61	0	1349	0	432215	584	12451	8	
14:23:04.571	30	0.011769245610650203	61	0	1355	6	468749	36534	13561	1110	
14:23:05.571	31	0.01967972216862821	91	30	1558	203	514423	45674	14939	1378	
14:23:06.571	32	0.0273972602739726	110	19	2221	663	681129	166706	17273	2334	
14:23:07.572	33	0.03993825969515725	110	0	2949	728	867717	186588	19829	2556	
14:23:08.571	34	0.044568782558363884	110	0	3066	117	892391	24674	20167	338	
14:23:09.571	35	0.04476172101099749	110	0	3072	6	930728	38337	21232	1065	
14:23:10.571	36	0.05537333590584603	146	36	3295	223	979762	49034	22610	1378	
14:23:11.572	37	0.06482732008489292	172	26	4101	806	1251702	271940	26446	3836	
14:23:12.572	38	0.07852595022187922	172	0	5405	1304	1645902	394200	31846	5400	
14:23:13.572	39	0.08547173451668917	172	0	5748	343	1726567	80665	32951	1105	
14:23:14.572	40	0.0858576114219564	172	0	5753	5	1754700	28133	33780	829	
14:23:15.572	41	0.09801273393787382	210	38	6021	268	1807083	52383	35139	1359	
14:23:16.572	42	0.11286899479066177	250	40	6985	964	2185596	378513	40452	5313	
14:23:17.572	43	0.13795099363303107	252	2	8634	1649	2945474	759878	50866	10414	
14:23:18.572	44	0.15705190044375844	252	0	9403	769	3210026	264552	54490	3624	
14:23:19.572	45	0.15878834651746093	252	0	9480	77	3270069	60043	55661	1171	
14:23:20.572	46	0.17518811499131776	292	40	9815	335	3448259	178190	58627	2966	
14:23:21.572	47	0.19602546787574765	329	37	10852	1037	3887682	439423	64766	6139	
14:23:22.572	48	0.242330696507814	336	7	13082	2230	5018626	1130944	80266	15500	
14:23:23.572	49	0.27686667952923016	336	0	14206	1124	5498601	479975	86841	6575	
14:23:24.573	50	0.28651360216091065	336	0	14370	164	5547549	48948	87757	916	
14:23:25.572	51	0.29982635539262975	362	26	14569	199	5581790	34241	88598	841	
14:23:26.572	52	0.31931313910862436	409	47	15316	747	5951108	369318	93768	5170	
14:23:27.572	53	0.3451668917615281	414	5	17160	1844	7080176	1129068	109240	15472	
14:23:28.572	54	0.3835616438356164	414	0	18539	1379	7781925	701749	118853	9613	
14:23:29.572	55	0.39533088944626665	414	0	18872	333	7914184	132259	120816	1963	
14:23:30.573	56	0.403048427551611	427	13	19014	142	7941843	27659	121439	623	
14:23:31.573	57	0.4159753038780629	467	40	19534	520	8203890	262047	125110	3671	
14:23:32.573	58	0.4362338414045919	471	4	20955	1421	9329173	1125283	140529	15419	
14:23:33.573	59	0.4829249469419255	471	0	22453	1498	10278757	949584	153537	13008	
14:23:34.574	60	0.4939224387420413	471	0	22782	329	10446801	168044	155925	2388	
14:23:35.574	61	0.49874590005788155	481	10	22849	67	10461682	14881	156270	345	
14:23:36.574	62	0.5110939610264326	512	31	23149	300	10629784	168102	158624	2354	
14:23:37.574	63	0.5290372371213583	514	2	23896	747	11345388	715604	168428	9804	
14:23:38.574	64	0.5635732201427744	514	0	24715	819	11961289	615901	176865	8437	
14:23:39.574	65	0.5734130812270886	514	0	24909	194	12067770	106481	178362	1497	
14:23:40.574	66	0.57669303492186	517	3	24953	44	12075405	7635	178529	167	
14:23:41.574	67	0.5863399575535404	537	20	25115	162	12127585	52180	179269	740	
14:23:42.574	68	0.595986880185221	538	1	25443	328	12447500	319915	183652	4383	
14:23:43.575	69	0.6135442793748794	538	0	25780	337	12889515	442015	189707	6055	
14:23:44.576	70	0.6243488327223615	538	0	26076	296	13141872	252357	193176	3469	
14:23:45.576	71	0.6287864171329346	538	0	26467	391	13585739	443867	199275	6099	
14:23:46.576	72	0.6405556627435848	545	7	26940	473	13923629	337890	203913	4638	
14:23:47.576	73	0.6475014470383947	545	0	27103	163	14109779	186150	206463	2550	
14:23:48.576	74	0.6554119235963728	545	0	27254	151	14233806	124027	208162	1699	
14:23:49.576	75	0.6557978005016399	545	0	27257	3	14241735	7929	208275	113	
14:23:50.576	76	0.6559907389542736	545	0	27259	2	14242171	436	208287	12	
14:23:51.576	77	0.6569554312174416	548	3	27272	13	14244676	2505	208324	37	
14:23:52.576	78	0.6573413081227089	548	0	27286	14	14295119	50443	209015	691	
14:23:53.576	79	0.6594636311016786	548	0	27335	49	14360527	65408	209911	896	
14:23:54.577	80	0.6596565695543122	548	0	27337	2	14362272	1745	209936	25	
14:23:55.578	81	0.6596565695543122	548	0	27337	0	14362371	99	209939	3	
14:23:56.577	82	0.6600424464595794	549	1	27341	4	14370138	7767	210046	107	
14:23:57.577	83	0.6623577078911828	549	0	27459	118	14633230	263092	213650	3604	
14:23:58.577	84	0.6756704611229017	549	0	27965	506	15226720	593490	221780	8130	
14:23:59.577	85	0.6837738761335134	549	0	28241	276	15430244	203524	224568	2788	
14:24:00.577	86	0.6841597530387806	549	0	28259	18	15444187	13943	224759	191	
14:24:01.577	87	0.6841597530387806	549	0	28259	0	15444479	292	224763	4	
14:24:02.577	88	0.6841597530387806	549	0	28259	0	15444479	0	224763	0	
14:24:03.577	89	0.6841597530387806	549	0	28259	0	15444479	0	224763	0	
14:24:04.577	90	0.6841597530387806	549	0	28259	0	15444479	0	224763	0	
14:24:05.577	91	0.6841597530387806	549	0	28259	0	15444479	0	224763	0	
14:24:06.577	92	0.6841597530387806	549	0	28259	0	15444479	0	224763	0	
14:24:07.577	93	0.6841597530387806	549	0	28259	0	15444479	0	224763	0	
14:24:08.577	94	0.6841597530387806	549	0	28259	0	15444479	0	224763	0	
14:24:09.577	95	0.6841597530387806	549	0	28259	0	15477840	33361	225220	457	
14:24:10.577	96	0.684931506849315	549	0	28281	22	15812180	334340	229800	4580	
14:24:11.577	97	0.6968936909125989	549	0	28481	200	16217549	405369	235353	5553	
14:24:12.577	98	0.7001736446073702	549	0	28561	80	16284344	66795	236268	915	
14:24:13.577	99	0.7001736446073702	549	0	28561	0	16286096	1752	236292	24	
14:24:14.577	100	0.7001736446073702	549	0	28561	0	16286096	0	236292	0	
14:24:15.577	101	0.7001736446073702	549	0	28561	0	16286096	0	236292	0	
14:24:16.577	102	0.7001736446073702	549	0	28561	0	16286096	0	236292	0	
14:24:17.577	103	0.7001736446073702	549	0	28561	0	16286096	0	236292	0	
14:24:18.577	104	0.7001736446073702	549	0	28561	0	16286096	0	236292	0	
14:24:19.577	105	0.7001736446073702	549	0	28561	0	16286096	0	236292	0	
14:24:20.577	106	0.7001736446073702	549	0	28561	0	16286096	0	236292	0	
14:24:21.577	107	0.7001736446073702	549	0	28561	0	16286096	0	236292	0	
14:24:22.577	108	0.7003665830600039	549	0	28564	3	16381361	95265	237597	1305	
14:24:23.577	109	0.7036465367547752	549	0	28777	213	17144649	763288	248053	10456	
14:24:24.577	110	0.7117499517653868	549	0	29032	255	17667402	522753	255214	7161	
14:24:25.577	111	0.7131005209338221	549	0	29083	51	17727992	60590	256044	830	
14:24:26.577	112	0.7131005209338221	549	0	29083	0	17728868	876	256056	12	
14:24:27.577	113	0.7131005209338221	549	0	29083	0	17728868	0	256056	0	
14:24:28.577	114	0.7131005209338221	549	0	29083	0	17728868	0	256056	0	
14:24:29.577	115	0.7131005209338221	549	0	29083	0	17728868	0	256056	0	
14:24:30.577	116	0.7131005209338221	549	0	29083	0	17728868	0	256056	0	
14:24:31.577	117	0.7131005209338221	549	0	29083	0	17728868	0	256056	0	
14:24:32.577	118	0.7131005209338221	549	0	29083	0	17728868	0	256056	0	
14:24:33.577	119	0.7131005209338221	549	0	29083	0	17728868	0	256056	0	
14:24:34.577	120	0.7131005209338221	549	0	29083	0	17732518	3650	256106	50	
14:24:35.577	121	0.7132934593864557	549	0	29087	4	17894359	161841	258323	2217	
14:24:36.577	122	0.7200463052286321	549	0	29241	154	18360610	466251	264710	6387	
14:24:37.577	123	0.7250627049971059	549	0	29352	111	18552235	191625	267335	2625	
14:24:38.577	124	0.7262203357129076	549	0	29399	47	18570339	18104	267583	248	
14:24:39.578	125	0.7262203357129076	549	0	29399	0	18570485	146	267585	2	
14:24:40.577	126	0.7262203357129076	549	0	29399	0	18570485	0	267585	0	
14:24:41.577	127	0.7262203357129076	549	0	29399	0	18570485	0	267585	0	
14:24:42.577	128	0.7262203357129076	549	0	29399	0	18570485	0	267585	0	
14:24:43.577	129	0.7262203357129076	549	0	29399	0	18570485	0	267585	0	
14:24:44.577	130	0.7262203357129076	549	0	29399	0	18570485	0	267585	0	
14:24:45.578	131	0.7262203357129076	549	0	29399	0	18570485	0	267585	0	
14:24:46.578	132	0.7262203357129076	549	0	29399	0	18570485	0	267585	0	
14:24:47.578	133	0.7262203357129076	549	0	29399	0	18578953	8468	267701	116	
14:24:48.578	134	0.7269920895234421	549	0	29407	8	18937675	358722	272615	4914	
14:24:49.578	135	0.7325873046498167	549	0	29578	171	19709358	771683	283186	10571	
14:24:50.578	136	0.7374107659656569	549	0	29707	129	19888062	178704	285634	2448	
14:24:51.578	137	0.7374107659656569	549	0	29709	2	19893026	4964	285702	68	
14:24:52.578	138	0.7374107659656569	549	0	29709	0	19893026	0	285702	0	
14:24:53.578	139	0.7374107659656569	549	0	29709	0	19893026	0	285702	0	
14:24:54.578	140	0.7374107659656569	549	0	29709	0	19893026	0	285702	0	
14:24:55.578	141	0.7374107659656569	549	0	29709	0	19893026	0	285702	0	
14:24:56.578	142	0.7374107659656569	549	0	29709	0	19893026	0	285702	0	
14:24:57.578	143	0.7374107659656569	549	0	29709	0	19893026	0	285702	0	
14:24:58.578	144	0.7374107659656569	549	0	29709	0	19893026	0	285702	0	
14:24:59.578	145	0.7374107659656569	549	0	29709	0	19893026	0	285702	0	
14:25:00.578	146	0.7374107659656569	549	0	29709	0	19933687	40661	286259	557	
14:25:01.578	147	0.7387613351340923	549	0	29733	24	20620617	686930	295669	9410	
14:25:02.578	148	0.7499517653868416	549	0	29937	204	21392373	771756	306241	10572	
14:25:03.578	149	0.7522670268184449	549	0	29988	51	21454058	61685	307086	845	
14:25:04.578	150	0.7522670268184449	549	0	29988	0	21456029	1971	307113	27	
14:25:05.578	151	0.7522670268184449	549	0	29988	0	21456029	0	307113	0	
14:25:06.578	152	0.7522670268184449	549	0	29988	0	21456029	0	307113	0	
14:25:07.578	153	0.7522670268184449	549	0	29988	0	21456029	0	307113	0	
14:25:08.579	154	0.7522670268184449	549	0	29988	0	21456029	0	307113	0	
14:25:09.579	155	0.7522670268184449	549	0	29988	0	21456029	0	307113	0	
14:25:10.579	156	0.7522670268184449	549	0	29988	0	21456029	0	307113	0	
14:25:11.579	157	0.7522670268184449	549	0	29988	0	21456029	0	307113	0	
14:25:12.579	158	0.7522670268184449	549	0	29988	0	21456029	0	307113	0	
14:25:13.579	159	0.7522670268184449	549	0	29988	0	21543410	87381	308310	1197	
14:25:14.579	160	0.7545822882500482	549	0	30020	32	22299763	756353	318671	10361	
14:25:15.579	161	0.7642292108817287	549	0	30141	121	22753823	454060	324891	6220	
14:25:16.579	162	0.7642292108817287	549	0	30149	8	22777621	23798	325217	326	
14:25:17.579	163	0.7644221493343624	549	0	30151	2	22778570	949	325230	13	
14:25:18.579	164	0.7644221493343624	549	0	30151	0	22778570	0	325230	0	
14:25:19.580	165	0.7644221493343624	549	0	30151	0	22778570	0	325230	0	
14:25:20.579	166	0.7644221493343624	549	0	30151	0	22778570	0	325230	0	
14:25:21.579	167	0.7644221493343624	549	0	30151	0	22778570	0	325230	0	
14:25:22.579	168	0.7644221493343624	549	0	30151	0	22778570	0	325230	0	
14:25:23.579	169	0.7644221493343624	549	0	30151	0	22778570	0	325230	0	
14:25:24.579	170	0.7644221493343624	549	0	30151	0	22778570	0	325230	0	
14:25:25.579	171	0.7644221493343624	549	0	30151	0	22782074	3504	325278	48	
14:25:26.579	172	0.7646150877869959	549	0	30153	2	23026113	244039	328621	3343	
14:25:27.579	173	0.7736831950607757	549	0	30371	218	23639240	613127	337020	8399	
14:25:28.579	174	0.7823654254292881	549	0	30538	167	23777137	137897	338909	1889	
14:25:29.579	175	0.7829442407871889	549	0	30544	6	23780495	3358	338955	46	
14:25:30.579	176	0.7829442407871889	549	0	30544	0	23780495	0	338955	0	
14:25:31.580	177	0.7829442407871889	549	0	30544	0	23780495	0	338955	0	
14:25:32.580	178	0.7829442407871889	549	0	30544	0	23780495	0	338955	0	
14:25:33.580	179	0.7829442407871889	549	0	30544	0	23780495	0	338955	0	
14:25:34.580	180	0.7829442407871889	549	0	30544	0	23780495	0	338955	0	
14:25:35.580	181	0.7829442407871889	549	0	30544	0	23780495	0	338955	0	
14:25:36.581	182	0.7829442407871889	549	0	30544	0	23780495	0	338955	0	
14:25:37.582	183	0.7829442407871889	549	0	30544	0	23781152	657	338964	9	
14:25:38.582	184	0.7829442407871889	549	0	30544	0	23823273	42121	339541	577	
14:25:39.582	185	0.7835230561450898	549	0	30552	8	24200172	376899	344704	5163	
14:25:40.582	186	0.7941346710399383	549	0	30690	138	24664744	464572	351068	6364	
14:25:41.582	187	0.7970287478294424	549	0	30722	32	24701390	36646	351570	502	
14:25:42.583	188	0.7970287478294424	549	0	30722	0	24702266	876	351582	12	
14:25:43.583	189	0.7970287478294424	549	0	30722	0	24702266	0	351582	0	
14:25:44.583	190	0.7970287478294424	549	0	30722	0	24702266	0	351582	0	
14:25:45.583	191	0.7970287478294424	549	0	30722	0	24702266	0	351582	0	
14:25:46.583	192	0.7970287478294424	549	0	30722	0	24702266	0	351582	0	
14:25:47.583	193	0.7970287478294424	549	0	30722	0	24702266	0	351582	0	
14:25:48.583	194	0.7970287478294424	549	0	30722	0	24702266	0	351582	0	
14:25:49.584	195	0.7970287478294424	549	0	30722	0	24702266	0	351582	0	
14:25:50.584	196	0.7970287478294424	549	0	30722	0	24708398	6132	351666	84	
14:25:51.584	197	0.7974146247347096	549	0	30728	6	25035438	327040	356146	4480	
14:25:52.584	198	0.8001157630715802	549	0	30784	56	25792375	756937	366515	10369	
14:25:53.584	199	0.8045533474821532	549	0	30862	78	25942901	150526	368577	2062	
14:25:54.585	200	0.8045533474821532	549	0	30862	0	25944653	1752	368601	24	
14:25:55.584	201	0.8045533474821532	549	0	30862	0	25944653	0	368601	0	
14:25:56.584	202	0.8045533474821532	549	0	30862	0	25944653	0	368601	0	
14:25:57.584	203	0.8045533474821532	549	0	30862	0	25944653	0	368601	0	
14:25:58.584	204	0.8045533474821532	549	0	30862	0	25944653	0	368601	0	
14:25:59.584	205	0.8045533474821532	549	0	30862	0	25944653	0	368601	0	
14:26:00.584	206	0.8045533474821532	549	0	30862	0	25944653	0	368601	0	
14:26:01.584	207	0.8045533474821532	549	0	30862	0	25944653	0	368601	0	
14:26:02.584	208	0.8045533474821532	549	0	30862	0	25944653	0	368601	0	
14:26:03.584	209	0.8045533474821532	549	0	30862	0	25991592	46939	369244	643	
14:26:04.584	210	0.8049392243874204	549	0	30870	8	26496679	505087	376163	6919	
14:26:05.584	211	0.809569747250627	549	0	30975	105	26983735	487056	382835	6672	
14:26:06.584	212	0.8118850086822303	549	0	31006	31	27026659	42924	383423	588	
14:26:07.584	213	0.8118850086822303	549	0	31006	0	27026732	73	383424	1	
14:26:08.584	214	0.8118850086822303	549	0	31006	0	27026732	0	383424	0	
14:26:09.584	215	0.8118850086822303	549	0	31006	0	27026732	0	383424	0	
14:26:10.584	216	0.8118850086822303	549	0	31006	0	27026732	0	383424	0	
14:26:11.584	217	0.8118850086822303	549	0	31006	0	27026732	0	383424	0	
14:26:12.584	218	0.8118850086822303	549	0	31006	0	27026732	0	383424	0	
14:26:13.584	219	0.8118850086822303	549	0	31006	0	27026732	0	383424	0	
14:26:14.584	220	0.8118850086822303	549	0	31006	0	27026732	0	383424	0	
14:26:15.584	221	0.8118850086822303	549	0	31006	0	27027389	657	383433	9	
14:26:16.584	222	0.8118850086822303	549	0	31006	0	27156234	128845	385198	1765	
14:26:17.584	223	0.813042639398032	549	0	31034	28	27899593	743359	395381	10183	
14:26:18.584	224	0.8238471927455142	549	0	31157	123	28294231	394638	400787	5406	
14:26:19.584	225	0.8240401311981478	549	0	31161	4	28309050	14819	400990	203	
14:26:20.584	226	0.8240401311981478	549	0	31161	0	28309196	146	400992	2	
14:26:21.584	227	0.8240401311981478	549	0	31161	0	28309196	0	400992	0	
14:26:22.584	228	0.8240401311981478	549	0	31161	0	28309196	0	400992	0	
14:26:23.584	229	0.8240401311981478	549	0	31161	0	28309196	0	400992	0	
14:26:24.584	230	0.8240401311981478	549	0	31161	0	28309196	0	400992	0	
14:26:25.584	231	0.8240401311981478	549	0	31161	0	28309196	0	400992	0	
14:26:26.584	232	0.8240401311981478	549	0	31161	0	28309196	0	400992	0	
14:26:27.584	233	0.8240401311981478	549	0	31161	0	28309196	0	400992	0	
14:26:28.584	234	0.8240401311981478	549	0	31161	0	28313357	4161	401049	57	
14:26:29.584	235	0.8242330696507814	549	0	31163	2	28587180	273823	404800	3751	
14:26:30.584	236	0.8302141616824233	549	0	31225	62	29216367	629187	413419	8619	
14:26:31.584	237	0.8340729307350955	549	0	31283	58	29385727	169360	415739	2320	
14:26:32.584	238	0.8344588076403627	549	0	31288	5	29391275	5548	415815	76	
14:26:33.584	239	0.8344588076403627	549	0	31288	0	29391275	0	415815	0	
14:26:34.584	240	0.8344588076403627	549	0	31288	0	29391275	0	415815	0	
14:26:35.584	241	0.8344588076403627	549	0	31288	0	29391275	0	415815	0	
14:26:36.584	242	0.8344588076403627	549	0	31288	0	29391275	0	415815	0	
14:26:37.584	243	0.8344588076403627	549	0	31288	0	29391275	0	415815	0	
14:26:38.584	244	0.8344588076403627	549	0	31288	0	29391275	0	415815	0	
14:26:39.585	245	0.8344588076403627	549	0	31288	0	29391275	0	415815	0	
14:26:40.586	246	0.8344588076403627	549	0	31288	0	29391275	0	415815	0	
14:26:41.586	247	0.8344588076403627	549	0	31288	0	29406240	14965	416020	205	
14:26:42.586	248	0.8344588076403627	549	0	31288	0	29882419	476179	422543	6523	
14:26:43.587	249	0.84179046884044	549	0	31396	108	30611032	728613	432524	9981	
14:26:44.586	250	0.8444916071773104	549	0	31424	28	30673155	62123	433375	851	
14:26:45.586	251	0.8444916071773104	549	0	31424	0	30673739	584	433383	8	
14:26:46.586	252	0.8444916071773104	549	0	31424	0	30673739	0	433383	0	
14:26:47.586	253	0.8444916071773104	549	0	31424	0	30673739	0	433383	0	
14:26:48.586	254	0.8444916071773104	549	0	31424	0	30673739	0	433383	0	
14:26:49.586	255	0.8444916071773104	549	0	31424	0	30673739	0	433383	0	
14:26:50.586	256	0.8444916071773104	549	0	31424	0	30673739	0	433383	0	
14:26:51.586	257	0.8444916071773104	549	0	31424	0	30673739	0	433383	0	
14:26:52.586	258	0.8444916071773104	549	0	31424	0	30673739	0	433383	0	
14:26:53.586	259	0.8444916071773104	549	0	31424	0	30674469	730	433393	10	
14:26:54.586	260	0.8444916071773104	549	0	31424	0	30752871	78402	434467	1074	
14:26:55.586	261	0.8456492378931121	549	0	31444	20	31216421	463550	440817	6350	
14:26:56.586	262	0.8460351147983793	549	0	31454	10	31533095	316674	445155	4338	
14:26:57.586	263	0.8479644993247154	549	0	31480	26	31555068	21973	445456	301	
14:26:58.587	264	0.848157437777349	549	0	31482	2	31555433	365	445461	5	
14:26:59.587	265	0.848157437777349	549	0	31482	0	31555433	0	445461	0	
14:27:00.587	266	0.848157437777349	549	0	31482	0	31555433	0	445461	0	
14:27:01.587	267	0.848157437777349	549	0	31482	0	31555433	0	445461	0	
14:27:02.587	268	0.848157437777349	549	0	31482	0	31555433	0	445461	0	
14:27:03.587	269	0.848157437777349	549	0	31482	0	31555433	0	445461	0	
14:27:04.587	270	0.848157437777349	549	0	31482	0	31555433	0	445461	0	
14:27:05.587	271	0.848157437777349	549	0	31482	0	31555433	0	445461	0	
14:27:06.588	272	0.848157437777349	549	0	31482	0	31565507	10074	445599	138	
14:27:07.588	273	0.8485433146826162	549	0	31486	4	31886269	320762	449993	4394	
14:27:08.588	274	0.8518232683773876	549	0	31521	35	32551591	665322	459107	9114	
14:27:09.588	275	0.8529808990931893	549	0	31538	17	32636417	84826	460269	1162	
14:27:10.588	276	0.8529808990931893	549	0	31538	0	32637512	1095	460284	15	
14:27:11.588	277	0.8529808990931893	549	0	31538	0	32637512	0	460284	0	
14:27:12.589	278	0.8529808990931893	549	0	31538	0	32637512	0	460284	0	
14:27:13.589	279	0.8529808990931893	549	0	31538	0	32637512	0	460284	0	
14:27:14.589	280	0.8529808990931893	549	0	31538	0	32637512	0	460284	0	
14:27:15.589	281	0.8529808990931893	549	0	31538	0	32637512	0	460284	0	
14:27:16.589	282	0.8529808990931893	549	0	31538	0	32637512	0	460284	0	
14:27:17.589	283	0.8529808990931893	549	0	31538	0	32637512	0	460284	0	
14:27:18.589	284	0.8529808990931893	549	0	31538	0	32637512	0	460284	0	
14:27:19.589	285	0.8529808990931893	549	0	31538	0	32681458	43946	460886	602	
14:27:20.589	286	0.8531738375458229	549	0	31540	2	33217935	536477	468235	7349	
14:27:21.589	287	0.8589619911248312	549	0	31599	59	33623304	405369	473788	5553	
14:27:22.589	288	0.8616631294617018	549	0	31626	27	33639364	16060	474008	220	
14:27:23.589	289	0.8616631294617018	549	0	31626	0	33639437	73	474009	1	
14:27:24.589	290	0.8616631294617018	549	0	31626	0	33639437	0	474009	0	
14:27:25.589	291	0.8616631294617018	549	0	31626	0	33639437	0	474009	0	
14:27:26.590	292	0.8616631294617018	549	0	31626	0	33639437	0	474009	0	
14:27:27.589	293	0.8616631294617018	549	0	31626	0	33639437	0	474009	0	
14:27:28.589	294	0.8616631294617018	549	0	31626	0	33639437	0	474009	0	
14:27:29.589	295	0.8616631294617018	549	0	31626	0	33639437	0	474009	0	
14:27:30.589	296	0.8616631294617018	549	0	31626	0	33639437	0	474009	0	
14:27:31.589	297	0.8616631294617018	549	0	31626	0	33647540	8103	474120	111	
14:27:32.589	298	0.8616631294617018	549	0	31626	0	33896835	249295	477535	3415	
14:27:33.589	299	0.8632066370827706	549	0	31654	28	34597124	700289	487128	9593	
14:27:34.589	300	0.870924175188115	549	0	31770	116	34837148	240024	490416	3288	
14:27:35.589	301	0.8713100520933822	549	0	31772	2	34841747	4599	490479	63	
14:27:36.589	302	0.8713100520933822	549	0	31772	0	34841747	0	490479	0	
14:27:37.589	303	0.8713100520933822	549	0	31772	0	34841747	0	490479	0	
14:27:38.589	304	0.8713100520933822	549	0	31772	0	34841747	0	490479	0	
14:27:39.589	305	0.8713100520933822	549	0	31772	0	34841747	0	490479	0	
14:27:40.589	306	0.8713100520933822	549	0	31772	0	34841747	0	490479	0	
14:27:41.589	307	0.8713100520933822	549	0	31772	0	34841747	0	490479	0	
14:27:42.589	308	0.8713100520933822	549	0	31772	0	34841747	0	490479	0	
14:27:43.589	309	0.8713100520933822	549	0	31772	0	34841747	0	490479	0	
14:27:44.589	310	0.8713100520933822	549	0	31772	0	34859486	17739	490722	243	
14:27:45.589	311	0.8713100520933822	549	0	31772	0	35357200	497714	497540	6818	
14:27:46.589	312	0.8736253135249855	549	0	31795	23	36023325	666125	506665	9125	
14:27:47.589	313	0.8759405749565888	549	0	31816	21	36123116	99791	508032	1367	
14:27:48.589	314	0.8759405749565888	549	0	31816	0	36124211	1095	508047	15	
14:27:49.589	315	0.8759405749565888	549	0	31816	0	36124211	0	508047	0	
14:27:50.589	316	0.8759405749565888	549	0	31816	0	36124211	0	508047	0	
14:27:51.589	317	0.8759405749565888	549	0	31816	0	36124211	0	508047	0	
14:27:52.589	318	0.8759405749565888	549	0	31816	0	36124211	0	508047	0	
14:27:53.589	319	0.8759405749565888	549	0	31816	0	36124211	0	508047	0	
14:27:54.589	320	0.8759405749565888	549	0	31816	0	36124211	0	508047	0	
14:27:55.589	321	0.8759405749565888	549	0	31816	0	36124211	0	508047	0	
14:27:56.589	322	0.8759405749565888	549	0	31816	0	36124211	0	508047	0	
14:27:57.589	323	0.8759405749565888	549	0	31816	0	36162098	37887	508566	519	
14:27:58.589	324	0.8759405749565888	549	0	31816	0	36679303	517205	515651	7085	
14:27:59.589	325	0.8813428516303299	549	0	31915	99	37198333	519030	522761	7110	
14:28:00.589	326	0.8826934207987652	549	0	31945	30	37246002	47669	523414	653	
14:28:01.589	327	0.8826934207987652	549	0	31945	0	37246367	365	523419	5	
14:28:02.589	328	0.8826934207987652	549	0	31945	0	37246367	0	523419	0	
14:28:03.589	329	0.8826934207987652	549	0	31945	0	37246367	0	523419	0	
14:28:04.589	330	0.8826934207987652	549	0	31945	0	37246367	0	523419	0	
14:28:05.589	331	0.8826934207987652	549	0	31945	0	37246367	0	523419	0	
14:28:06.589	332	0.8826934207987652	549	0	31945	0	37246367	0	523419	0	
14:28:07.589	333	0.8826934207987652	549	0	31945	0	37246367	0	523419	0	
14:28:08.589	334	0.8826934207987652	549	0	31945	0	37246367	0	523419	0	
14:28:09.589	335	0.8826934207987652	549	0	31945	0	37246367	0	523419	0	
14:28:10.590	336	0.8826934207987652	549	0	31945	0	37424560	178193	525860	2441	
14:28:11.590	337	0.8840439899672005	549	0	31959	14	38217559	792999	536723	10863	
14:28:12.590	338	0.8852016206830021	549	0	31977	18	38444881	227322	539837	3114	
14:28:13.590	339	0.8852016206830021	549	0	31977	0	38448677	3796	539889	52	
14:28:14.590	340	0.8852016206830021	549	0	31977	0	38448677	0	539889	0	
14:28:15.590	341	0.8852016206830021	549	0	31977	0	38448677	0	539889	0	
14:28:16.590	342	0.8852016206830021	549	0	31977	0	38448677	0	539889	0	
14:28:17.590	343	0.8852016206830021	549	0	31977	0	38448677	0	539889	0	
14:28:18.590	344	0.8852016206830021	549	0	31977	0	38448677	0	539889	0	
14:28:19.590	345	0.8852016206830021	549	0	31977	0	38448677	0	539889	0	
14:28:20.591	346	0.8852016206830021	549	0	31977	0	38448677	0	539889	0	
14:28:21.590	347	0.8852016206830021	549	0	31977	0	38448677	0	539889	0	
14:28:22.590	348	0.8852016206830021	549	0	31977	0	38470869	22192	540193	304	
14:28:23.590	349	0.8855874975882694	549	0	31981	4	39109181	638312	548937	8744	
14:28:24.590	350	0.8933050356936137	549	0	32083	102	39967734	858553	560698	11761	
14:28:25.590	351	0.897163804746286	549	0	32138	55	40051465	83731	561845	1147	
14:28:26.590	352	0.897163804746286	549	0	32138	0	40051757	292	561849	4	
14:28:27.590	353	0.897163804746286	549	0	32138	0	40051757	0	561849	0	
14:28:28.590	354	0.897163804746286	549	0	32138	0	40051757	0	561849	0	
14:28:29.591	355	0.897163804746286	549	0	32138	0	40051757	0	561849	0	
14:28:30.590	356	0.897163804746286	549	0	32138	0	40051757	0	561849	0	
14:28:31.590	357	0.897163804746286	549	0	32138	0	40051757	0	561849	0	
14:28:32.590	358	0.897163804746286	549	0	32138	0	40051757	0	561849	0	
14:28:33.590	359	0.897163804746286	549	0	32138	0	40051757	0	561849	0	
14:28:34.590	360	0.897163804746286	549	0	32138	0	40051757	0	561849	0	
14:28:35.590	361	0.897163804746286	549	0	32138	0	40141255	89498	563075	1226	
14:28:36.590	362	0.8979355585568204	549	0	32152	14	40917902	776647	573714	10639	
14:28:37.590	363	0.9010225737989581	549	0	32195	43	41322979	405077	579263	5549	
14:28:38.591	364	0.9010225737989581	549	0	32197	2	41334148	11169	579416	153	
14:28:39.590	365	0.9010225737989581	549	0	32197	0	41334221	73	579417	1	
14:28:40.590	366	0.9010225737989581	549	0	32197	0	41334221	0	579417	0	
14:28:41.590	367	0.9010225737989581	549	0	32197	0	41334221	0	579417	0	
14:28:42.590	368	0.9010225737989581	549	0	32197	0	41334221	0	579417	0	
14:28:43.590	369	0.9010225737989581	549	0	32197	0	41334221	0	579417	0	
14:28:44.590	370	0.9010225737989581	549	0	32197	0	41334221	0	579417	0	
14:28:45.591	371	0.9010225737989581	549	0	32197	0	41334221	0	579417	0	
14:28:46.591	372	0.9010225737989581	549	0	32197	0	41334221	0	579417	0	
14:28:47.591	373	0.9010225737989581	549	0	32197	0	41342908	8687	579536	119	
14:28:48.591	374	0.9010225737989581	549	0	32197	0	41645493	302585	583681	4145	
14:28:49.591	375	0.9039166505884623	549	0	32226	29	42168538	523045	590846	7165	
14:28:50.591	376	0.9079683580937681	549	0	32293	67	42254970	86432	592030	1184	
14:28:51.591	377	0.9079683580937681	549	0	32293	0	42255992	1022	592044	14	
14:28:52.591	378	0.9079683580937681	549	0	32293	0	42255992	0	592044	0	
14:28:53.591	379	0.9079683580937681	549	0	32293	0	42255992	0	592044	0	
14:28:54.592	380	0.9079683580937681	549	0	32293	0	42255992	0	592044	0	
14:28:55.593	381	0.9079683580937681	549	0	32293	0	42255992	0	592044	0	
14:28:56.593	382	0.9079683580937681	549	0	32293	0	42255992	0	592044	0	
14:28:57.593	383	0.9079683580937681	549	0	32293	0	42255992	0	592044	0	
14:28:58.593	384	0.9079683580937681	549	0	32293	0	42255992	0	592044	0	
14:28:59.593	385	0.9079683580937681	549	0	32293	0	42255992	0	592044	0	
14:29:00.593	386	0.9079683580937681	549	0	32293	0	42312932	56940	592824	780	
14:29:01.593	387	0.9079683580937681	549	0	32293	0	42732755	419823	598575	5751	
14:29:02.593	388	0.909511865714837	549	0	32312	19	43140387	407632	604159	5584	
14:29:03.593	389	0.9102836195253714	549	0	32320	8	43177398	37011	604666	507	
14:29:04.593	390	0.910476557978005	549	0	32321	1	43177763	365	604671	5	
14:29:05.593	391	0.910476557978005	549	0	32321	0	43177763	0	604671	0	
14:29:06.593	392	0.910476557978005	549	0	32321	0	43177763	0	604671	0	
14:29:07.593	393	0.910476557978005	549	0	32321	0	43177763	0	604671	0	
14:29:08.593	394	0.910476557978005	549	0	32321	0	43177763	0	604671	0	
14:29:09.594	395	0.910476557978005	549	0	32321	0	43177763	0	604671	0	
14:29:10.595	396	0.910476557978005	549	0	32321	0	43177763	0	604671	0	
14:29:11.595	397	0.910476557978005	549	0	32321	0	43177763	0	604671	0	
14:29:12.595	398	0.910476557978005	549	0	32321	0	43177763	0	604671	0	
14:29:13.595	399	0.910476557978005	549	0	32321	0	43312448	134685	606516	1845	
14:29:14.595	400	0.9106694964306387	549	0	32323	2	44054566	742118	616682	10166	
14:29:15.595	401	0.9135635732201428	549	0	32353	30	44331966	277400	620482	3800	
14:29:16.595	402	0.91394945012541	549	0	32356	3	44339996	8030	620592	110	
14:29:17.595	403	0.91394945012541	549	0	32356	0	44339996	0	620592	0	
14:29:18.595	404	0.91394945012541	549	0	32356	0	44339996	0	620592	0	
14:29:19.595	405	0.91394945012541	549	0	32356	0	44339996	0	620592	0	
14:29:20.595	406	0.91394945012541	549	0	32356	0	44339996	0	620592	0	
14:29:21.595	407	0.91394945012541	549	0	32356	0	44339996	0	620592	0	
14:29:22.595	408	0.91394945012541	549	0	32356	0	44339996	0	620592	0	
14:29:23.596	409	0.91394945012541	549	0	32356	0	44339996	0	620592	0	
14:29:24.596	410	0.91394945012541	549	0	32356	0	44339996	0	620592	0	
14:29:25.596	411	0.91394945012541	549	0	32356	0	44352333	12337	620761	169	
14:29:26.596	412	0.91394945012541	549	0	32356	0	44821723	469390	627191	6430	
14:29:27.596	413	0.9166505884622805	549	0	32383	27	45613116	791393	638032	10841	
14:29:28.596	414	0.9181940960833495	549	0	32399	16	45701957	88841	639249	1217	
14:29:29.597	415	0.9181940960833495	549	0	32399	0	45702614	657	639258	9	
14:29:30.596	416	0.9181940960833495	549	0	32399	0	45702614	0	639258	0	
14:29:31.596	417	0.9181940960833495	549	0	32399	0	45702614	0	639258	0	
14:29:32.596	418	0.9181940960833495	549	0	32399	0	45702614	0	639258	0	
14:29:33.596	419	0.9181940960833495	549	0	32399	0	45702614	0	639258	0	
14:29:34.596	420	0.9181940960833495	549	0	32399	0	45702614	0	639258	0	
14:29:35.596	421	0.9181940960833495	549	0	32399	0	45702614	0	639258	0	
14:29:36.596	422	0.9181940960833495	549	0	32399	0	45702614	0	639258	0	
14:29:37.596	423	0.9181940960833495	549	0	32399	0	45702614	0	639258	0	
14:29:38.596	424	0.9181940960833495	549	0	32399	0	45781381	78767	640337	1079	
14:29:39.596	425	0.9181940960833495	549	0	32399	0	46381295	599914	648555	8218	
14:29:40.596	426	0.9197376037044183	549	0	32420	21	46693808	312513	652836	4281	
14:29:41.596	427	0.9197376037044183	549	0	32420	0	46704539	10731	652983	147	
14:29:42.596	428	0.9197376037044183	549	0	32420	0	46704539	0	652983	0	
14:29:43.597	429	0.9197376037044183	549	0	32420	0	46704539	0	652983	0	
14:29:44.597	430	0.9197376037044183	549	0	32420	0	46704539	0	652983	0	
14:29:45.597	431	0.9197376037044183	549	0	32420	0	46704539	0	652983	0	
14:29:46.597	432	0.9197376037044183	549	0	32420	0	46704539	0	652983	0	
14:29:47.597	433	0.9197376037044183	549	0	32420	0	46704539	0	652983	0	
14:29:48.597	434	0.9197376037044183	549	0	32420	0	46704539	0	652983	0	
14:29:49.597	435	0.9197376037044183	549	0	32420	0	46704539	0	652983	0	
14:29:50.597	436	0.9197376037044183	549	0	32420	0	46716511	11972	653147	164	
14:29:51.597	437	0.9197376037044183	549	0	32420	0	47170425	453914	659365	6218	
14:29:52.597	438	0.9216669882307544	549	0	32450	30	48062339	891914	671583	12218	
14:29:53.598	439	0.9230175573991897	549	0	32505	55	48226589	164250	673833	2250	
14:29:54.598	440	0.9230175573991897	549	0	32505	0	48227465	876	673845	12	
14:29:55.598	441	0.9230175573991897	549	0	32505	0	48227465	0	673845	0	
14:29:56.598	442	0.9230175573991897	549	0	32505	0	48227465	0	673845	0	
14:29:57.598	443	0.9230175573991897	549	0	32505	0	48227465	0	673845	0	
14:29:58.598	444	0.9230175573991897	549	0	32505	0	48227465	0	673845	0	
14:29:59.598	445	0.9230175573991897	549	0	32505	0	48227465	0	673845	0	
14:30:00.598	446	0.9230175573991897	549	0	32505	0	48227465	0	673845	0	
14:30:01.598	447	0.9230175573991897	549	0	32505	0	48227465	0	673845	0	
14:30:02.599	448	0.9230175573991897	549	0	32505	0	48227465	0	673845	0	
14:30:03.599	449	0.9230175573991897	549	0	32505	0	48274988	47523	674496	651	
14:30:04.599	450	0.9230175573991897	549	0	32505	0	48929360	654372	683460	8964	
14:30:05.599	451	0.9239822496623578	549	0	32517	12	49553291	623931	692007	8547	
14:30:06.599	452	0.9239822496623578	549	0	32519	2	49590010	36719	692510	503	
14:30:07.599	453	0.9239822496623578	549	0	32519	0	49590083	73	692511	1	
14:30:08.599	454	0.9239822496623578	549	0	32519	0	49590083	0	692511	0	
14:30:09.599	455	0.9239822496623578	549	0	32519	0	49590083	0	692511	0	
14:30:10.599	456	0.9239822496623578	549	0	32519	0	49590083	0	692511	0	
14:30:11.599	457	0.9239822496623578	549	0	32519	0	49590083	0	692511	0	
14:30:12.599	458	0.9239822496623578	549	0	32519	0	49590083	0	692511	0	
14:30:13.599	459	0.9239822496623578	549	0	32519	0	49590083	0	692511	0	
14:30:14.599	460	0.9239822496623578	549	0	32519	0	49590083	0	692511	0	
14:30:15.599	461	0.9239822496623578	549	0	32519	0	49590667	584	692519	8	
14:30:16.599	462	0.9239822496623578	549	0	32519	0	49734404	143737	694488	1969	
14:30:17.599	463	0.9241751881149913	549	0	32524	5	50379067	644663	703319	8831	
14:30:18.599	464	0.9249469419255257	549	0	32532	8	50550763	171696	705671	2352	
14:30:19.599	465	0.9249469419255257	549	0	32532	0	50551931	1168	705687	16	
14:30:20.600	466	0.9249469419255257	549	0	32532	0	50551931	0	705687	0	
14:30:21.600	467	0.9249469419255257	549	0	32532	0	50551931	0	705687	0	
14:30:22.600	468	0.9249469419255257	549	0	32532	0	50551931	0	705687	0	
14:30:23.600	469	0.9249469419255257	549	0	32532	0	50551931	0	705687	0	
14:30:24.600	470	0.9249469419255257	549	0	32532	0	50551931	0	705687	0	
14:30:25.600	471	0.9249469419255257	549	0	32532	0	50551931	0	705687	0	
14:30:26.600	472	0.9249469419255257	549	0	32532	0	50551931	0	705687	0	
14:30:27.600	473	0.9249469419255257	549	0	32532	0	50551931	0	705687	0	
14:30:28.600	474	0.9249469419255257	549	0	32532	0	50566750	14819	705890	203	
14:30:29.600	475	0.9249469419255257	549	0	32532	0	50976718	409968	711506	5616	
14:30:30.600	476	0.9249469419255257	549	0	32532	0	51513925	537207	718865	7359	
14:30:31.600	477	0.9255257572834266	549	0	32537	5	51553783	39858	719411	546	
14:30:32.600	478	0.9255257572834266	549	0	32537	0	51553856	73	719412	1	
14:30:33.600	479	0.9255257572834266	549	0	32537	0	51553856	0	719412	0	
14:30:34.600	480	0.9255257572834266	549	0	32537	0	51553856	0	719412	0	
14:30:35.600	481	0.9255257572834266	549	0	32537	0	51553856	0	719412	0	
14:30:36.600	482	0.9255257572834266	549	0	32537	0	51553856	0	719412	0	
14:30:37.600	483	0.9255257572834266	549	0	32537	0	51553856	0	719412	0	
14:30:38.600	484	0.9255257572834266	549	0	32537	0	51553856	0	719412	0	
14:30:39.600	485	0.9255257572834266	549	0	32537	0	51553856	0	719412	0	
14:30:40.600	486	0.9255257572834266	549	0	32537	0	51553856	0	719412	0	
14:30:41.600	487	0.9255257572834266	549	0	32537	0	51639923	86067	720591	1179	
14:30:42.600	488	0.9255257572834266	549	0	32537	0	52470371	830448	731967	11376	
14:30:43.600	489	0.9262975110939611	549	0	32544	7	52981590	511219	738970	7003	
14:30:44.600	490	0.9270692649044955	549	0	32549	5	52996555	14965	739175	205	
14:30:45.600	491	0.9270692649044955	549	0	32549	0	52996628	73	739176	1	
14:30:46.600	492	0.9270692649044955	549	0	32549	0	52996628	0	739176	0	
14:30:47.600	493	0.9270692649044955	549	0	32549	0	52996628	0	739176	0	
14:30:48.601	494	0.9270692649044955	549	0	32549	0	52996628	0	739176	0	
14:30:49.602	495	0.9270692649044955	549	0	32549	0	52996628	0	739176	0	
14:30:50.602	496	0.9270692649044955	549	0	32549	0	52996628	0	739176	0	
14:30:51.602	497	0.9270692649044955	549	0	32549	0	52996628	0	739176	0	
14:30:52.602	498	0.9270692649044955	549	0	32549	0	52996628	0	739176	0	
14:30:53.602	499	0.9270692649044955	549	0	32549	0	52997942	1314	739194	18	
14:30:54.602	500	0.9270692649044955	549	0	32549	0	53238112	240170	742484	3290	
14:30:55.602	501	0.9282268956202971	549	0	32568	19	54204340	966228	755720	13236	
14:30:56.602	502	0.9316997877677021	549	0	32610	42	54435531	231191	758887	3167	
14:30:57.602	503	0.9320856646729693	549	0	32613	3	54439400	3869	758940	53	
14:30:58.603	504	0.9320856646729693	549	0	32613	0	54439400	0	758940	0	
14:30:59.602	505	0.9320856646729693	549	0	32613	0	54439400	0	758940	0	
14:31:00.602	506	0.9320856646729693	549	0	32613	0	54439400	0	758940	0	
14:31:01.602	507	0.9320856646729693	549	0	32613	0	54439400	0	758940	0	
14:31:02.602	508	0.9320856646729693	549	0	32613	0	54439400	0	758940	0	
14:31:03.602	509	0.9320856646729693	549	0	32613	0	54439400	0	758940	0	
14:31:04.602	510	0.9320856646729693	549	0	32613	0	54439400	0	758940	0	
14:31:05.602	511	0.9320856646729693	549	0	32613	0	54439400	0	758940	0	
14:31:06.602	512	0.9320856646729693	549	0	32613	0	54446043	6643	759031	91	
14:31:07.602	513	0.9320856646729693	549	0	32613	0	54811919	365876	764043	5012	
14:31:08.602	514	0.9332432953887709	549	0	32637	24	55460232	648313	772924	8881	
14:31:09.602	515	0.9347868030098399	549	0	32655	18	55521260	61028	773760	836	
14:31:10.602	516	0.9347868030098399	549	0	32655	0	55521479	219	773763	3	
14:31:11.602	517	0.9347868030098399	549	0	32655	0	55521479	0	773763	0	
14:31:12.602	518	0.9347868030098399	549	0	32655	0	55521479	0	773763	0	
14:31:13.603	519	0.9347868030098399	549	0	32655	0	55521479	0	773763	0	
14:31:14.603	520	0.9347868030098399	549	0	32655	0	55521479	0	773763	0	
14:31:15.603	521	0.9347868030098399	549	0	32655	0	55521479	0	773763	0	
14:31:16.604	522	0.9347868030098399	549	0	32655	0	55521479	0	773763	0	
14:31:17.604	523	0.9347868030098399	549	0	32655	0	55521479	0	773763	0	
14:31:18.604	524	0.9347868030098399	549	0	32655	0	55521479	0	773763	0	
14:31:19.604	525	0.9347868030098399	549	0	32655	0	55651930	130451	775550	1787	
14:31:20.604	526	0.9347868030098399	549	0	32657	2	56474567	822637	786819	11269	
14:31:21.604	527	0.9349797414624734	549	0	32661	4	56948045	473478	793305	6486	
14:31:22.605	528	0.9349797414624734	549	0	32661	0	56964251	16206	793527	222	
14:31:23.605	529	0.9349797414624734	549	0	32661	0	56964251	0	793527	0	
14:31:24.605	530	0.9349797414624734	549	0	32661	0	56964251	0	793527	0	
14:31:25.605	531	0.9349797414624734	549	0	32661	0	56964251	0	793527	0	
14:31:26.605	532	0.9349797414624734	549	0	32661	0	56964251	0	793527	0	
14:31:27.605	533	0.9349797414624734	549	0	32661	0	56964251	0	793527	0	
14:31:28.605	534	0.9349797414624734	549	0	32661	0	56964251	0	793527	0	
14:31:29.605	535	0.9349797414624734	549	0	32661	0	56964251	0	793527	0	
14:31:30.605	536	0.9349797414624734	549	0	32661	0	56964251	0	793527	0	
14:31:31.605	537	0.9349797414624734	549	0	32661	0	56966368	2117	793556	29	
14:31:32.606	538	0.9349797414624734	549	0	32661	0	57235373	269005	797241	3685	
14:31:33.606	539	0.9349797414624734	549	0	32661	0	57789005	553632	804825	7584	
14:31:34.606	540	0.9398032027783138	549	0	32710	49	57925515	136510	806695	1870	
14:31:35.606	541	0.9398032027783138	549	0	32710	0	57926099	584	806703	8	
14:31:36.606	542	0.9398032027783138	549	0	32710	0	57926099	0	806703	0	
14:31:37.606	543	0.9398032027783138	549	0	32710	0	57926099	0	806703	0	
14:31:38.606	544	0.9398032027783138	549	0	32710	0	57926099	0	806703	0	
14:31:39.606	545	0.9398032027783138	549	0	32710	0	57926099	0	806703	0	
14:31:40.606	546	0.9398032027783138	549	0	32710	0	57926099	0	806703	0	
14:31:41.606	547	0.9398032027783138	549	0	32710	0	57926099	0	806703	0	
14:31:42.606	548	0.9398032027783138	549	0	32710	0	57926099	0	806703	0	
14:31:43.606	549	0.9398032027783138	549	0	32710	0	57926099	0	806703	0	
14:31:44.606	550	0.9398032027783138	549	0	32710	0	57958292	32193	807144	441	
14:31:45.606	551	0.9398032027783138	549	0	32710	0	58413228	454936	813376	6232	
14:31:46.606	552	0.9415396488520162	549	0	32727	17	58955253	542025	820801	7425	
14:31:47.606	553	0.943083156473085	549	0	32743	16	59008105	52852	821525	724	
14:31:48.606	554	0.943083156473085	549	0	32743	0	59008178	73	821526	1	
14:31:49.607	555	0.943083156473085	549	0	32743	0	59008178	0	821526	0	
14:31:50.607	556	0.943083156473085	549	0	32743	0	59008178	0	821526	0	
14:31:51.607	557	0.943083156473085	549	0	32743	0	59008178	0	821526	0	
14:31:52.607	558	0.943083156473085	549	0	32743	0	59008178	0	821526	0	
14:31:53.607	559	0.943083156473085	549	0	32743	0	59008178	0	821526	0	
14:31:54.607	560	0.943083156473085	549	0	32743	0	59008178	0	821526	0	
14:31:55.607	561	0.943083156473085	549	0	32743	0	59008178	0	821526	0	
14:31:56.608	562	0.943083156473085	549	0	32743	0	59008178	0	821526	0	
14:31:57.608	563	0.943083156473085	549	0	32743	0	59166369	158191	823693	2167	
14:31:58.608	564	0.9434690333783523	549	0	32747	4	59887463	721094	833571	9878	
14:31:59.608	565	0.9438549102836196	549	0	32751	4	60085074	197611	836278	2707	
14:32:00.608	566	0.9438549102836196	549	0	32751	0	60090257	5183	836349	71	
14:32:01.608	567	0.9438549102836196	549	0	32751	0	60090257	0	836349	0	
14:32:02.608	568	0.9438549102836196	549	0	32751	0	60090257	0	836349	0	
14:32:03.609	569	0.9438549102836196	549	0	32751	0	60090257	0	836349	0	
14:32:04.609	570	0.9438549102836196	549	0	32751	0	60090257	0	836349	0	
14:32:05.608	571	0.9438549102836196	549	0	32751	0	60090257	0	836349	0	
14:32:06.608	572	0.9438549102836196	549	0	32751	0	60090257	0	836349	0	
14:32:07.608	573	0.9438549102836196	549	0	32751	0	60090257	0	836349	0	
14:32:08.608	574	0.9438549102836196	549	0	32751	0	60090257	0	836349	0	
14:32:09.608	575	0.9438549102836196	549	0	32751	0	60119676	29419	836752	403	
14:32:10.608	576	0.9438549102836196	549	0	32751	0	60737110	617434	845210	8458	
14:32:11.609	577	0.9452054794520548	549	0	32766	15	61585589	848479	856833	11623	
14:32:12.608	578	0.9463631101678565	549	0	32777	11	61653041	67452	857757	924	
14:32:13.608	579	0.9463631101678565	549	0	32777	0	61653260	219	857760	3	
14:32:14.608	580	0.9463631101678565	549	0	32777	0	61653260	0	857760	0	
14:32:15.608	581	0.9463631101678565	549	0	32777	0	61653260	0	857760	0	
14:32:16.608	582	0.9463631101678565	549	0	32777	0	61653260	0	857760	0	
14:32:17.608	583	0.9463631101678565	549	0	32777	0	61653260	0	857760	0	
14:32:18.609	584	0.9463631101678565	549	0	32777	0	61653260	0	857760	0	
14:32:19.609	585	0.9463631101678565	549	0	32777	0	61653260	0	857760	0	
14:32:20.609	586	0.9463631101678565	549	0	32777	0	61653260	0	857760	0	
14:32:21.609	587	0.9463631101678565	549	0	32777	0	61653260	0	857760	0	
14:32:22.609	588	0.9463631101678565	549	0	32777	0	61756044	102784	859168	1408	
14:32:23.610	589	0.9482924946941925	549	0	32797	20	62704095	948051	872155	12987	
14:32:24.610	590	0.9529230175573992	549	0	32845	48	63197429	493334	878913	6758	
14:32:25.610	591	0.9533088944626664	549	0	32849	4	63216263	18834	879171	258	
14:32:26.610	592	0.9533088944626664	549	0	32849	0	63216263	0	879171	0	
14:32:27.610	593	0.9533088944626664	549	0	32849	0	63216263	0	879171	0	
14:32:28.610	594	0.9533088944626664	549	0	32849	0	63216263	0	879171	0	
14:32:29.610	595	0.9533088944626664	549	0	32849	0	63216263	0	879171	0	
14:32:30.610	596	0.9533088944626664	549	0	32849	0	63216263	0	879171	0	
14:32:31.610	597	0.9533088944626664	549	0	32849	0	63216263	0	879171	0	
14:32:32.610	598	0.9533088944626664	549	0	32849	0	63216263	0	879171	0	
14:32:33.610	599	0.9533088944626664	549	0	32849	0	63216263	0	879171	0	
14:32:34.610	600	0.9533088944626664	549	0	32849	0	63218380	2117	879200	29	
14:32:35.610	601	0.9533088944626664	549	0	32849	0	63421904	203524	881988	2788	
14:32:36.610	602	0.9538877098205673	549	0	32855	6	64090511	668607	891147	9159	
14:32:37.610	603	0.9565888481574378	549	0	32884	29	64255856	165345	893412	2265	
14:32:38.610	604	0.9565888481574378	549	0	32884	0	64258265	2409	893445	33	
14:32:39.610	605	0.9565888481574378	549	0	32884	0	64258265	0	893445	0	
14:32:40.610	606	0.9565888481574378	549	0	32884	0	64258265	0	893445	0	
14:32:41.611	607	0.9565888481574378	549	0	32884	0	64258265	0	893445	0	
14:32:42.611	608	0.9565888481574378	549	0	32884	0	64258265	0	893445	0	
14:32:43.611	609	0.9565888481574378	549	0	32884	0	64258265	0	893445	0	
14:32:44.611	610	0.9565888481574378	549	0	32884	0	64258265	0	893445	0	
14:32:45.611	611	0.9565888481574378	549	0	32884	0	64258265	0	893445	0	
14:32:46.611	612	0.9565888481574378	549	0	32884	0	64258265	0	893445	0	
14:32:47.611	613	0.9565888481574378	549	0	32884	0	64283815	25550	893795	350	
14:32:48.611	614	0.9565888481574378	549	0	32884	0	64852339	568524	901583	7788	
14:32:49.611	615	0.9573606019679722	549	0	32892	8	65525618	673279	910806	9223	
14:32:50.611	616	0.9577464788732394	549	0	32896	4	65580806	55188	911562	756	
14:32:51.611	617	0.9577464788732394	549	0	32896	0	65580806	0	911562	0	
14:32:52.611	618	0.9577464788732394	549	0	32896	0	65580806	0	911562	0	
14:32:53.611	619	0.9577464788732394	549	0	32896	0	65580806	0	911562	0	
14:32:54.611	620	0.9577464788732394	549	0	32896	0	65580806	0	911562	0	
14:32:55.611	621	0.9577464788732394	549	0	32896	0	65580806	0	911562	0	
14:32:56.611	622	0.9577464788732394	549	0	32896	0	65580806	0	911562	0	
14:32:57.612	623	0.9577464788732394	549	0	32896	0	65580806	0	911562	0	
14:32:58.612	624	0.9577464788732394	549	0	32896	0	65580806	0	911562	0	
14:32:59.612	625	0.9577464788732394	549	0	32896	0	65581463	657	911571	9	
14:33:00.612	626	0.9577464788732394	549	0	32896	0	65709359	127896	913323	1752	
14:33:01.612	627	0.9577464788732394	549	0	32896	0	66547545	838186	924805	11482	
14:33:02.612	628	0.9577464788732394	549	0	32896	0	66935321	387776	930117	5312	
14:33:03.612	629	0.9577464788732394	549	0	32896	0	66943424	8103	930228	111	
14:33:04.612	630	0.9577464788732394	549	0	32896	0	66943424	0	930228	0	
14:33:05.613	631	0.9577464788732394	549	0	32896	0	66943424	0	930228	0	
14:33:06.613	632	0.9577464788732394	549	0	32896	0	66943424	0	930228	0	
14:33:07.613	633	0.9577464788732394	549	0	32896	0	66943424	0	930228	0	
14:33:08.613	634	0.9577464788732394	549	0	32896	0	66943424	0	930228	0	
14:33:09.613	635	0.9577464788732394	549	0	32896	0	66943424	0	930228	0	
14:33:10.613	636	0.9577464788732394	549	0	32896	0	66943424	0	930228	0	
14:33:11.613	637	0.9577464788732394	549	0	32896	0	66943424	0	930228	0	
14:33:12.613	638	0.9577464788732394	549	0	32896	0	66951454	8030	930338	110	
14:33:13.619	639	0.9577464788732394	549	0	32896	0	67450409	498955	937173	6835	
14:33:14.619	640	0.9587111711364075	549	0	32910	14	68340206	889797	949362	12189	
14:33:15.620	641	0.961412309473278	549	0	32938	28	68465620	125414	951080	1718	
14:33:16.620	642	0.961412309473278	549	0	32938	0	68466350	730	951090	10	
14:33:17.620	643	0.961412309473278	549	0	32938	0	68466350	0	951090	0	
14:33:18.620	644	0.961412309473278	549	0	32938	0	68466350	0	951090	0	
14:33:19.620	645	0.961412309473278	549	0	32938	0	68466350	0	951090	0	
14:33:20.620	646	0.961412309473278	549	0	32938	0	68466350	0	951090	0	
14:33:21.620	647	0.961412309473278	549	0	32938	0	68466350	0	951090	0	
14:33:22.620	648	0.961412309473278	549	0	32938	0	68466350	0	951090	0	
14:33:23.620	649	0.961412309473278	549	0	32938	0	68466350	0	951090	0	
14:33:24.620	650	0.961412309473278	549	0	32938	0	68466350	0	951090	0	
14:33:25.620	651	0.961412309473278	549	0	32938	0	68505916	39566	951632	542	
14:33:26.620	652	0.961412309473278	549	0	32938	0	69015310	509394	958610	6978	
14:33:27.620	653	0.9619911248311789	549	0	32944	6	69619750	604440	966890	8280	
14:33:28.620	654	0.9631487555469805	549	0	32954	10	69668660	48910	967560	670	
14:33:29.621	655	0.9631487555469805	549	0	32954	0	69668660	0	967560	0	
14:33:30.620	656	0.9631487555469805	549	0	32954	0	69668660	0	967560	0	
14:33:31.620	657	0.9631487555469805	549	0	32954	0	69668660	0	967560	0	
14:33:32.620	658	0.9631487555469805	549	0	32954	0	69668660	0	967560	0	
14:33:33.620	659	0.9631487555469805	549	0	32954	0	69668660	0	967560	0	
14:33:34.620	660	0.9631487555469805	549	0	32954	0	69668660	0	967560	0	
14:33:35.620	661	0.9631487555469805	549	0	32954	0	69668660	0	967560	0	
14:33:36.620	662	0.9631487555469805	549	0	32954	0	69668660	0	967560	0	
14:33:37.620	663	0.9631487555469805	549	0	32954	0	69668660	0	967560	0	
14:33:38.620	664	0.9631487555469805	549	0	32954	0	69785752	117092	969164	1604	
14:33:39.620	665	0.9631487555469805	549	0	32956	2	70671242	885490	981294	12130	
14:33:40.620	666	0.9637275709048814	549	0	32968	12	71180855	509613	988275	6981	
14:33:41.620	667	0.9637275709048814	549	0	32968	0	71191586	10731	988422	147	
14:33:42.620	668	0.9637275709048814	549	0	32968	0	71191586	0	988422	0	
14:33:43.620	669	0.9637275709048814	549	0	32968	0	71191586	0	988422	0	
14:33:44.620	670	0.9637275709048814	549	0	32968	0	71191586	0	988422	0	
14:33:45.620	671	0.9637275709048814	549	0	32968	0	71191586	0	988422	0	
14:33:46.620	672	0.9637275709048814	549	0	32968	0	71191586	0	988422	0	
14:33:47.620	673	0.9637275709048814	549	0	32968	0	71191586	0	988422	0	
14:33:48.620	674	0.9637275709048814	549	0	32968	0	71191586	0	988422	0	
14:33:49.620	675	0.9637275709048814	549	0	32968	0	71191586	0	988422	0	
14:33:50.620	676	0.9637275709048814	549	0	32968	0	71194433	2847	988461	39	
14:33:51.620	677	0.9637275709048814	549	0	32968	0	71437012	242579	991784	3323	
14:33:52.620	678	0.9666216476943855	549	0	32997	29	72154164	717152	1001608	9824	
14:33:53.620	679	0.9689369091259888	549	0	33021	24	72313304	159140	1003788	2180	
14:33:54.620	680	0.9689369091259888	549	0	33021	0	72313742	438	1003794	6	
14:33:55.620	681	0.9689369091259888	549	0	33021	0	72313742	0	1003794	0	
14:33:56.620	682	0.9689369091259888	549	0	33021	0	72313742	0	1003794	0	
14:33:57.620	683	0.9689369091259888	549	0	33021	0	72313742	0	1003794	0	
14:33:58.621	684	0.9689369091259888	549	0	33021	0	72313742	0	1003794	0	
14:33:59.621	685	0.9689369091259888	549	0	33021	0	72313742	0	1003794	0	
14:34:00.621	686	0.9689369091259888	549	0	33021	0	72313742	0	1003794	0	
14:34:01.621	687	0.9689369091259888	549	0	33021	0	72313742	0	1003794	0	
14:34:02.621	688	0.9689369091259888	549	0	33021	0	72313742	0	1003794	0	
14:34:03.621	689	0.9689369091259888	549	0	33021	0	72352724	38982	1004328	534	
14:34:04.621	690	0.9689369091259888	549	0	33021	0	73039581	686857	1013737	9409	
14:34:05.621	691	0.9700945398417905	549	0	33033	12	73616792	577211	1021644	7907	
14:34:06.621	692	0.9704804167470577	549	0	33037	4	73636283	19491	1021911	267	
14:34:07.622	693	0.9704804167470577	549	0	33037	0	73636283	0	1021911	0	
14:34:08.621	694	0.9704804167470577	549	0	33037	0	73636283	0	1021911	0	
14:34:09.621	695	0.9704804167470577	549	0	33037	0	73636283	0	1021911	0	
14:34:10.621	696	0.9704804167470577	549	0	33037	0	73636283	0	1021911	0	
14:34:11.621	697	0.9704804167470577	549	0	33037	0	73636283	0	1021911	0	
14:34:12.621	698	0.9704804167470577	549	0	33037	0	73636283	0	1021911	0	
14:34:13.621	699	0.9704804167470577	549	0	33037	0	73636283	0	1021911	0	
14:34:14.621	700	0.9704804167470577	549	0	33037	0	73636283	0	1021911	0	
14:34:15.622	701	0.9704804167470577	549	0	33037	0	73637597	1314	1021929	18	
14:34:16.622	702	0.9704804167470577	549	0	33037	0	73862291	224694	1025007	3078	
14:34:17.622	703	0.9704804167470577	549	0	33037	0	74794793	932502	1037781	12774	
14:34:18.623	704	0.9731815550839282	549	0	33064	27	74998025	203232	1040565	2784	
14:34:19.622	705	0.9731815550839282	549	0	33064	0	74998901	876	1040577	12	
14:34:20.622	706	0.9731815550839282	549	0	33064	0	74998901	0	1040577	0	
14:34:21.622	707	0.9731815550839282	549	0	33064	0	74998901	0	1040577	0	
14:34:22.623	708	0.9731815550839282	549	0	33064	0	74998901	0	1040577	0	
14:34:23.622	709	0.9731815550839282	549	0	33064	0	74998901	0	1040577	0	
14:34:24.622	710	0.9731815550839282	549	0	33064	0	74998901	0	1040577	0	
14:34:25.622	711	0.9731815550839282	549	0	33064	0	74998901	0	1040577	0	
14:34:26.622	712	0.9731815550839282	549	0	33064	0	74998901	0	1040577	0	
14:34:27.622	713	0.9731815550839282	549	0	33064	0	74998901	0	1040577	0	
14:34:28.623	714	0.9731815550839282	549	0	33064	0	75040219	41318	1041143	566	
14:34:29.622	715	0.9731815550839282	549	0	33064	0	75616919	576700	1049043	7900	
14:34:30.622	716	0.9758826934207988	549	0	33093	29	76205226	588307	1057102	8059	
14:34:31.623	717	0.9758826934207988	549	0	33093	0	76281292	76066	1058144	1042	
14:34:32.624	718	0.9758826934207988	549	0	33093	0	76281365	73	1058145	1	
14:34:33.624	719	0.9758826934207988	549	0	33093	0	76281365	0	1058145	0	
14:34:34.624	720	0.9758826934207988	549	0	33093	0	76281365	0	1058145	0	
14:34:35.624	721	0.9758826934207988	549	0	33093	0	76281365	0	1058145	0	
14:34:36.625	722	0.9758826934207988	549	0	33093	0	76281365	0	1058145	0	
14:34:37.624	723	0.9758826934207988	549	0	33093	0	76281365	0	1058145	0	
14:34:38.624	724	0.9758826934207988	549	0	33093	0	76281365	0	1058145	0	
14:34:39.624	725	0.9758826934207988	549	0	33093	0	76281365	0	1058145	0	
14:34:40.624	726	0.9758826934207988	549	0	33093	0	76281365	0	1058145	0	
14:34:41.624	727	0.9758826934207988	549	0	33093	0	76390865	109500	1059645	1500	
14:34:42.624	728	0.9758826934207988	549	0	33093	0	77099914	709049	1069358	9713	
14:34:43.624	729	0.9760756318734324	549	0	33095	2	77472579	372665	1074463	5105	
14:34:44.624	730	0.9760756318734324	549	0	33095	0	77483675	11096	1074615	152	
14:34:45.624	731	0.9760756318734324	549	0	33095	0	77483675	0	1074615	0	
14:34:46.624	732	0.9760756318734324	549	0	33095	0	77483675	0	1074615	0	
14:34:47.625	733	0.9760756318734324	549	0	33095	0	77483675	0	1074615	0	
14:34:48.625	734	0.9760756318734324	549	0	33095	0	77483675	0	1074615	0	
14:34:49.625	735	0.9760756318734324	549	0	33095	0	77483675	0	1074615	0	
14:34:50.625	736	0.9760756318734324	549	0	33095	0	77483675	0	1074615	0	
14:34:51.626	737	0.9760756318734324	549	0	33095	0	77483675	0	1074615	0	
14:34:52.625	738	0.9760756318734324	549	0	33095	0	77483675	0	1074615	0	
14:34:53.625	739	0.9760756318734324	549	0	33095	0	77496158	12483	1074786	171	
14:34:54.626	740	0.9760756318734324	549	0	33095	0	77807722	311564	1079054	4268	
14:34:55.626	741	0.9760756318734324	549	0	33095	0	78445815	638093	1087795	8741	
14:34:56.626	742	0.9780050163997684	549	0	33113	18	78525239	79424	1088883	1088	
14:34:57.626	743	0.9780050163997684	549	0	33113	0	78525677	438	1088889	6	
14:34:58.626	744	0.9780050163997684	549	0	33113	0	78525677	0	1088889	0	
14:34:59.626	745	0.9780050163997684	549	0	33113	0	78525677	0	1088889	0	
14:35:00.626	746	0.9780050163997684	549	0	33113	0	78525677	0	1088889	0	
14:35:01.626	747	0.9780050163997684	549	0	33113	0	78525677	0	1088889	0	
14:35:02.626	748	0.9780050163997684	549	0	33113	0	78525677	0	1088889	0	
14:35:03.627	749	0.9780050163997684	549	0	33113	0	78525677	0	1088889	0	
14:35:04.626	750	0.9780050163997684	549	0	33113	0	78525677	0	1088889	0	
14:35:05.626	751	0.9780050163997684	549	0	33113	0	78525677	0	1088889	0	
14:35:06.626	752	0.9780050163997684	549	0	33113	0	78602546	76869	1089942	1053	
14:35:07.626	753	0.9805132162840055	549	0	33139	26	79396786	794240	1100822	10880	
14:35:08.626	754	0.9812849700945399	549	0	33147	8	79763392	366606	1105844	5022	
14:35:09.626	755	0.9812849700945399	549	0	33147	0	79768064	4672	1105908	64	
14:35:10.626	756	0.9812849700945399	549	0	33147	0	79768064	0	1105908	0	
14:35:11.626	757	0.9812849700945399	549	0	33147	0	79768064	0	1105908	0	
14:35:12.626	758	0.9812849700945399	549	0	33147	0	79768064	0	1105908	0	
14:35:13.626	759	0.9812849700945399	549	0	33147	0	79768064	0	1105908	0	
14:35:14.626	760	0.9812849700945399	549	0	33147	0	79768064	0	1105908	0	
14:35:15.627	761	0.9812849700945399	549	0	33147	0	79768064	0	1105908	0	
14:35:16.626	762	0.9812849700945399	549	0	33147	0	79768064	0	1105908	0	
14:35:17.626	763	0.9812849700945399	549	0	33147	0	79768064	0	1105908	0	
14:35:18.626	764	0.9812849700945399	549	0	33147	0	79774780	6716	1106000	92	
14:35:19.626	765	0.9812849700945399	549	0	33147	0	80211831	437051	1111987	5987	
14:35:20.626	766	0.9812849700945399	549	0	33147	0	81073304	861473	1123788	11801	
14:35:21.626	767	0.9814779085471734	549	0	33148	1	81170613	97309	1125121	1333	
14:35:22.626	768	0.9814779085471734	549	0	33148	0	81170759	146	1125123	2	
14:35:23.626	769	0.9814779085471734	549	0	33148	0	81170759	0	1125123	0	
14:35:24.627	770	0.9814779085471734	549	0	33148	0	81170759	0	1125123	0	
14:35:25.627	771	0.9814779085471734	549	0	33148	0	81170759	0	1125123	0	
14:35:26.627	772	0.9814779085471734	549	0	33148	0	81170759	0	1125123	0	
14:35:27.627	773	0.9814779085471734	549	0	33148	0	81170759	0	1125123	0	
14:35:28.627	774	0.9814779085471734	549	0	33148	0	81170759	0	1125123	0	
14:35:29.627	775	0.9814779085471734	549	0	33148	0	81170759	0	1125123	0	
14:35:30.627	776	0.9814779085471734	549	0	33148	0	81170759	0	1125123	0	
14:35:31.627	777	0.9814779085471734	549	0	33148	0	81220472	49713	1125804	681	
14:35:32.628	778	0.9814779085471734	549	0	33148	0	81848491	628019	1134407	8603	
14:35:33.627	779	0.9814779085471734	549	0	33148	0	82337372	488881	1141104	6697	
14:35:34.627	780	0.9814779085471734	549	0	33148	0	82373069	35697	1141593	489	
14:35:35.628	781	0.9814779085471734	549	0	33148	0	82373069	0	1141593	0	
14:35:36.627	782	0.9814779085471734	549	0	33148	0	82373069	0	1141593	0	
14:35:37.627	783	0.9814779085471734	549	0	33148	0	82373069	0	1141593	0	
14:35:38.627	784	0.9814779085471734	549	0	33148	0	82373069	0	1141593	0	
14:35:39.628	785	0.9814779085471734	549	0	33148	0	82373069	0	1141593	0	
14:35:40.628	786	0.9814779085471734	549	0	33148	0	82373069	0	1141593	0	
14:35:41.628	787	0.9814779085471734	549	0	33148	0	82373069	0	1141593	0	
14:35:42.628	788	0.9814779085471734	549	0	33148	0	82373069	0	1141593	0	
14:35:43.629	789	0.9814779085471734	549	0	33148	0	82373726	657	1141602	9	
14:35:44.629	790	0.9814779085471734	549	0	33148	0	82523668	149942	1143656	2054	
14:35:45.629	791	0.9814779085471734	549	0	33148	0	83379666	855998	1155382	11726	
14:35:46.630	792	0.9822496623577079	549	0	33156	8	83768026	388360	1160702	5320	
14:35:47.630	793	0.9822496623577079	549	0	33156	0	83775764	7738	1160808	106	
14:35:48.630	794	0.9822496623577079	549	0	33156	0	83775764	0	1160808	0	
14:35:49.630	795	0.9822496623577079	549	0	33156	0	83775764	0	1160808	0	
14:35:50.631	796	0.9822496623577079	549	0	33156	0	83775764	0	1160808	0	
14:35:51.631	797	0.9822496623577079	549	0	33156	0	83775764	0	1160808	0	
14:35:52.631	798	0.9822496623577079	549	0	33156	0	83775764	0	1160808	0	
14:35:53.631	799	0.9822496623577079	549	0	33156	0	83775764	0	1160808	0	
14:35:54.631	800	0.9822496623577079	549	0	33156	0	83775764	0	1160808	0	
14:35:55.632	801	0.9822496623577079	549	0	33156	0	83775764	0	1160808	0	
14:35:56.632	802	0.9822496623577079	549	0	33156	0	83782042	6278	1160894	86	
14:35:57.632	803	0.9822496623577079	549	0	33156	0	84065939	283897	1164783	3889	
14:35:58.632	804	0.9822496623577079	549	0	33156	0	84778273	712334	1174541	9758	
14:35:59.632	805	0.9826355392629751	549	0	33160	4	84974643	196370	1177231	2690	
14:36:00.632	806	0.9834072930735096	549	0	33167	7	84978074	3431	1177278	47	
14:36:01.632	807	0.9834072930735096	549	0	33167	0	84978074	0	1177278	0	
14:36:02.632	808	0.9834072930735096	549	0	33167	0	84978074	0	1177278	0	
14:36:03.632	809	0.9834072930735096	549	0	33167	0	84978074	0	1177278	0	
14:36:04.633	810	0.9834072930735096	549	0	33167	0	84978074	0	1177278	0	
14:36:05.632	811	0.9834072930735096	549	0	33167	0	84978074	0	1177278	0	
14:36:06.632	812	0.9834072930735096	549	0	33167	0	84978074	0	1177278	0	
14:36:07.632	813	0.9834072930735096	549	0	33167	0	84978074	0	1177278	0	
14:36:08.633	814	0.9834072930735096	549	0	33167	0	84978074	0	1177278	0	
14:36:09.633	815	0.9834072930735096	549	0	33167	0	85006398	28324	1177666	388	
14:36:10.633	816	0.9834072930735096	549	0	33167	0	85450603	444205	1183751	6085	
14:36:11.634	817	0.9839861084314104	549	0	33173	6	85973137	522534	1190909	7158	
14:36:12.633	818	0.9839861084314104	549	0	33173	0	86020003	46866	1191551	642	
14:36:13.633	819	0.9839861084314104	549	0	33173	0	86020076	73	1191552	1	
14:36:14.634	820	0.9839861084314104	549	0	33173	0	86020076	0	1191552	0	
14:36:15.633	821	0.9839861084314104	549	0	33173	0	86020076	0	1191552	0	
14:36:16.633	822	0.9839861084314104	549	0	33173	0	86020076	0	1191552	0	
14:36:17.633	823	0.9839861084314104	549	0	33173	0	86020076	0	1191552	0	
14:36:18.633	824	0.9839861084314104	549	0	33173	0	86020076	0	1191552	0	
14:36:19.634	825	0.9839861084314104	549	0	33173	0	86020076	0	1191552	0	
14:36:20.633	826	0.9839861084314104	549	0	33173	0	86020076	0	1191552	0	
14:36:21.633	827	0.9839861084314104	549	0	33173	0	86020076	0	1191552	0	
14:36:22.633	828	0.9839861084314104	549	0	33173	0	86117604	97528	1192888	1336	
14:36:23.633	829	0.9839861084314104	549	0	33173	0	86884688	767084	1203396	10508	
14:36:24.633	830	0.9855296160524792	549	0	33189	16	87255966	371278	1208482	5086	
14:36:25.634	831	0.9859154929577465	549	0	33193	4	87262463	6497	1208571	89	
14:36:26.634	832	0.9859154929577465	549	0	33193	0	87262463	0	1208571	0	
14:36:27.634	833	0.9859154929577465	549	0	33193	0	87262463	0	1208571	0	
14:36:28.634	834	0.9859154929577465	549	0	33193	0	87262463	0	1208571	0	
14:36:29.634	835	0.9859154929577465	549	0	33193	0	87262463	0	1208571	0	
14:36:30.634	836	0.9859154929577465	549	0	33193	0	87262463	0	1208571	0	
14:36:31.634	837	0.9859154929577465	549	0	33193	0	87262463	0	1208571	0	
14:36:32.634	838	0.9859154929577465	549	0	33193	0	87262463	0	1208571	0	
14:36:33.634	839	0.9859154929577465	549	0	33193	0	87262463	0	1208571	0	
14:36:34.634	840	0.9859154929577465	549	0	33193	0	87274800	12337	1208740	169	
14:36:35.634	841	0.9859154929577465	549	0	33193	0	87678052	403252	1214264	5524	
14:36:36.634	842	0.9859154929577465	549	0	33193	0	88482512	804460	1225284	11020	
14:36:37.634	843	0.9859154929577465	549	0	33193	0	88584858	102346	1226686	1402	
14:36:38.634	844	0.9859154929577465	549	0	33193	0	88585004	146	1226688	2	
14:36:39.634	845	0.9859154929577465	549	0	33193	0	88585004	0	1226688	0	
14:36:40.634	846	0.9859154929577465	549	0	33193	0	88585004	0	1226688	0	
14:36:41.634	847	0.9859154929577465	549	0	33193	0	88585004	0	1226688	0	
14:36:42.634	848	0.9859154929577465	549	0	33193	0	88585004	0	1226688	0	
14:36:43.635	849	0.9859154929577465	549	0	33193	0	88585004	0	1226688	0	
14:36:44.634	850	0.9859154929577465	549	0	33193	0	88585004	0	1226688	0	
14:36:45.634	851	0.9859154929577465	549	0	33193	0	88585004	0	1226688	0	
14:36:46.635	852	0.9859154929577465	549	0	33193	0	88585004	0	1226688	0	
14:36:47.635	853	0.9859154929577465	549	0	33193	0	88641871	56867	1227467	779	
14:36:48.635	854	0.9859154929577465	549	0	33193	0	89348511	706640	1237147	9680	
14:36:49.635	855	0.9859154929577465	549	0	33193	0	89959740	611229	1245520	8373	
14:36:50.635	856	0.9859154929577465	549	0	33193	0	89987699	27959	1245903	383	
14:36:51.635	857	0.9859154929577465	549	0	33193	0	89987699	0	1245903	0	
14:36:52.635	858	0.9859154929577465	549	0	33193	0	89987699	0	1245903	0	
14:36:53.635	859	0.9859154929577465	549	0	33193	0	89987699	0	1245903	0	
14:36:54.635	860	0.9859154929577465	549	0	33193	0	89987699	0	1245903	0	
14:36:55.635	861	0.9859154929577465	549	0	33193	0	89987699	0	1245903	0	
14:36:56.635	862	0.9859154929577465	549	0	33193	0	89987699	0	1245903	0	
14:36:57.635	863	0.9859154929577465	549	0	33193	0	89987699	0	1245903	0	
14:36:58.635	864	0.9859154929577465	549	0	33193	0	89987699	0	1245903	0	
14:36:59.635	865	0.9859154929577465	549	0	33193	0	89987699	0	1245903	0	
14:37:00.635	866	0.9859154929577465	549	0	33193	0	90131947	144248	1247879	1976	
14:37:01.635	867	0.9859154929577465	549	0	33193	0	90888738	756791	1258246	10367	
14:37:02.635	868	0.9859154929577465	549	0	33193	0	91216946	328208	1262742	4496	
14:37:03.635	869	0.9859154929577465	549	0	33193	0	91230086	13140	1262922	180	
14:37:04.635	870	0.9859154929577465	549	0	33193	0	91230086	0	1262922	0	
14:37:05.635	871	0.9859154929577465	549	0	33193	0	91230086	0	1262922	0	
14:37:06.635	872	0.9859154929577465	549	0	33193	0	91230086	0	1262922	0	
14:37:07.635	873	0.9859154929577465	549	0	33193	0	91230086	0	1262922	0	
14:37:08.635	874	0.9859154929577465	549	0	33193	0	91230086	0	1262922	0	
14:37:09.635	875	0.9859154929577465	549	0	33193	0	91230086	0	1262922	0	
14:37:10.635	876	0.9859154929577465	549	0	33193	0	91230086	0	1262922	0	
14:37:11.635	877	0.9859154929577465	549	0	33193	0	91230086	0	1262922	0	
14:37:12.635	878	0.9859154929577465	549	0	33193	0	91231400	1314	1262940	18	
14:37:13.635	879	0.9859154929577465	549	0	33193	0	91557564	326164	1267408	4468	
14:37:14.635	880	0.9859154929577465	549	0	33193	0	92332386	774822	1278022	10614	
14:37:15.636	881	0.9863013698630136	549	0	33197	4	92431447	99061	1279379	1357	
14:37:16.636	882	0.9863013698630136	549	0	33197	0	92432396	949	1279392	13	
14:37:17.636	883	0.9863013698630136	549	0	33197	0	92432396	0	1279392	0	
14:37:18.636	884	0.9863013698630136	549	0	33197	0	92432396	0	1279392	0	
14:37:19.636	885	0.9863013698630136	549	0	33197	0	92432396	0	1279392	0	
14:37:20.636	886	0.9863013698630136	549	0	33197	0	92432396	0	1279392	0	
14:37:21.636	887	0.9863013698630136	549	0	33197	0	92432396	0	1279392	0	
14:37:22.636	888	0.9863013698630136	549	0	33197	0	92432396	0	1279392	0	
14:37:23.636	889	0.9863013698630136	549	0	33197	0	92432396	0	1279392	0	
14:37:24.636	890	0.9863013698630136	549	0	33197	0	92433053	657	1279401	9	
14:37:25.636	891	0.9863013698630136	549	0	33197	0	92528610	95557	1280710	1309	
14:37:26.636	892	0.9863013698630136	549	0	33197	0	93237878	709268	1290426	9716	
14:37:27.636	893	0.9866872467682809	549	0	33201	4	93686171	448293	1296567	6141	
14:37:28.636	894	0.9868801852209145	549	0	33202	1	93714860	28689	1296960	393	
14:37:29.636	895	0.9868801852209145	549	0	33202	0	93714860	0	1296960	0	
14:37:30.636	896	0.9868801852209145	549	0	33202	0	93714860	0	1296960	0	
14:37:31.636	897	0.9868801852209145	549	0	33202	0	93714860	0	1296960	0	
14:37:32.636	898	0.9868801852209145	549	0	33202	0	93714860	0	1296960	0	
14:37:33.636	899	0.9868801852209145	549	0	33202	0	93714860	0	1296960	0	
14:37:34.636	900	0.9868801852209145	549	0	33202	0	93714860	0	1296960	0	
14:37:35.636	901	0.9868801852209145	549	0	33202	0	93714860	0	1296960	0	
14:37:36.636	902	0.9868801852209145	549	0	33202	0	93714860	0	1296960	0	
14:37:37.636	903	0.9868801852209145	549	0	33202	0	93715590	730	1296970	10	
14:37:38.636	904	0.9868801852209145	549	0	33202	0	93849472	133882	1298804	1834	
14:37:39.636	905	0.9868801852209145	549	0	33202	0	94580056	730584	1308812	10008	
14:37:40.636	906	0.9868801852209145	549	0	33202	0	94872932	292876	1312824	4012	
14:37:41.636	907	0.9868801852209145	549	0	33202	0	94877093	4161	1312881	57	
14:37:42.636	908	0.9868801852209145	549	0	33202	0	94877093	0	1312881	0	
14:37:43.636	909	0.9868801852209145	549	0	33202	0	94877093	0	1312881	0	
14:37:44.636	910	0.9868801852209145	549	0	33202	0	94877093	0	1312881	0	
14:37:45.636	911	0.9868801852209145	549	0	33202	0	94877093	0	1312881	0	
14:37:46.636	912	0.9868801852209145	549	0	33202	0	94877093	0	1312881	0	
14:37:47.637	913	0.9868801852209145	549	0	33202	0	94877093	0	1312881	0	
14:37:48.637	914	0.9868801852209145	549	0	33202	0	94877093	0	1312881	0	
14:37:49.637	915	0.9868801852209145	549	0	33202	0	94877093	0	1312881	0	
14:37:50.637	916	0.9868801852209145	549	0	33202	0	94896584	19491	1313148	267	
14:37:51.637	917	0.9868801852209145	549	0	33202	0	95353856	457272	1319412	6264	
14:37:52.637	918	0.9872660621261817	549	0	33206	4	95959756	605900	1327712	8300	
14:37:53.638	919	0.9872660621261817	549	0	33206	0	96039180	79424	1328800	1088	
14:37:54.638	920	0.9872660621261817	549	0	33206	0	96039326	146	1328802	2	
