# TriggerType: TRIGGER_SECOND
#-----
#TimeStamp	Sec	Hth	Con	ConD	Fin	FinD	Data	DataD	Pkt	PktD
14:39:03.750	0	1.9293845263360988E-4	1	1	2	2	23151	23151	1099	1099	
14:39:04.750	1	1.9293845263360988E-4	1	0	2	0	23151	0	1099	0	
14:39:05.750	2	1.9293845263360988E-4	1	0	2	0	23151	0	1099	0	
14:39:06.750	3	1.9293845263360988E-4	1	0	2	0	23151	0	1099	0	
14:39:07.751	4	1.9293845263360988E-4	1	0	2	0	23151	0	1099	0	
14:39:08.750	5	1.9293845263360988E-4	2	1	9	7	53002	29851	2210	1111	
14:39:09.751	6	1.9293845263360988E-4	3	1	15	6	55581	2579	2473	263	
14:39:10.750	7	1.9293845263360988E-4	3	0	15	0	55581	0	2473	0	
14:39:11.750	8	1.9293845263360988E-4	3	0	15	0	55581	0	2473	0	
14:39:12.750	9	1.9293845263360988E-4	3	0	15	0	55581	0	2473	0	
14:39:13.750	10	3.8587690526721975E-4	4	1	26	11	91356	35775	3724	1251	
14:39:14.750	11	3.8587690526721975E-4	7	3	52	26	95584	4228	4052	328	
14:39:15.750	12	3.8587690526721975E-4	7	0	55	3	95730	146	4054	2	
14:39:16.750	13	3.8587690526721975E-4	7	0	55	0	95730	0	4054	0	
14:39:17.750	14	3.8587690526721975E-4	7	0	55	0	95730	0	4054	0	
14:39:18.750	15	3.8587690526721975E-4	8	1	68	13	134473	38743	5321	1267	
14:39:19.750	16	7.717538105344395E-4	15	7	127	59	146728	12255	5916	595	
14:39:20.750	17	9.646922631680494E-4	15	0	173	46	150305	3577	5965	49	
14:39:21.750	18	9.646922631680494E-4	15	0	176	3	150597	292	5969	4	
14:39:22.750	19	9.646922631680494E-4	15	0	176	0	150597	0	5969	0	
14:39:23.751	20	0.0011576307158016593	16	1	192	16	189687	39090	7215	1246	
14:39:24.752	21	0.0025081998842369285	29	13	285	93	213477	23790	8105	890	
14:39:25.751	22	0.003472892147404978	31	2	450	165	234851	21374	8399	294	
14:39:26.751	23	0.004630522863206637	31	0	485	35	238136	3285	8444	45	
14:39:27.752	24	0.004630522863206637	31	0	485	0	238136	0	8444	0	
14:39:28.752	25	0.0055952151263746865	32	1	502	17	276179	38043	9651	1207	
14:39:29.752	26	0.008682230368512445	54	22	637	135	308263	32084	10687	1036	
14:39:30.752	27	0.011769245610650203	62	8	1049	412	379856	71593	11688	1001	
14:39:31.752	28	0.014084507042253521	62	0	1266	217	424751	44895	12303	615	
14:39:32.752	29	0.014856260852787961	62	0	1277	11	427744	2993	12344	41	
14:39:33.752	30	0.015049199305421571	62	0	1283	6	464299	36555	13451	1107	
14:39:34.753	31	0.022573798958132357	92	30	1488	205	507707	43408	14779	1328	
14:39:35.752	32	0.029712521705575923	105	13	2186	698	655628	147921	16848	2069	
14:39:36.752	33	0.036658306000385874	105	0	2813	627	803964	148336	18880	2032	
14:39:37.752	34	0.0391665058846228	105	0	2878	65	814914	10950	19030	150	
14:39:38.752	35	0.039552382789890025	105	0	2884	6	848142	33228	20034	1004	
14:39:39.752	36	0.04939224387420413	141	36	3108	224	898240	50098	21460	1426	
14:39:40.752	37	0.0586532896006174	163	22	3982	874	1163154	264914	25182	3722	
14:39:41.752	38	0.07678950414817673	163	0	5061	1079	1508371	345217	29911	4729	
14:39:42.752	39	0.08122708855874976	163	0	5261	200	1560712	52341	30628	717	
14:39:43.752	40	0.08238471927455142	163	0	5278	17	1590647	29935	31507	879	
14:39:44.752	41	0.09261045726413274	196	33	5495	217	1639156	48509	32804	1297	
14:39:45.752	42	0.10534439513795099	230	34	6324	829	1939382	300226	37070	4266	
14:39:46.752	43	0.1267605633802817	233	3	7822	1498	2552705	613323	45477	8407	
14:39:47.753	44	0.1466332240015435	233	0	8390	568	2776450	223745	48542	3065	
14:39:48.753	45	0.14933436233841405	233	0	8480	90	2819886	43436	49514	972	
14:39:49.753	46	0.16380474628593478	272	39	8731	251	2866171	46285	50667	1153	
14:39:50.753	47	0.1798186378545244	309	37	9807	1076	3285089	418918	56501	5834	
14:39:51.753	48	0.20972409801273395	312	3	11643	1836	4169069	883980	68613	12112	
14:39:52.753	49	0.23499903530773683	312	0	12497	854	4594440	425371	74440	5827	
14:39:53.753	50	0.24445301948678372	312	0	12664	167	4645587	51147	75419	979	
14:39:54.753	51	0.2560293266448003	344	32	12871	207	4680920	35333	76320	901	
14:39:55.753	52	0.26934207987651937	378	34	13629	758	5043603	362683	81363	5043	
14:39:56.753	53	0.2992475400347289	381	3	15301	1672	5978820	935217	94176	12813	
14:39:57.753	54	0.33069650781400733	381	0	16360	1059	6491645	512825	101201	7025	
14:39:58.753	55	0.33879992282461896	381	0	16567	207	6584157	92512	102665	1464	
14:39:59.753	56	0.3496044761721011	401	20	16729	162	6609268	25111	103320	655	
14:40:00.753	57	0.3636889832143546	440	39	17298	569	6863738	254470	106882	3562	
14:40:01.753	58	0.3843333976461509	443	3	18864	1566	7790414	926676	119578	12696	
14:40:02.753	59	0.4242716573413081	443	0	20001	1137	8483987	693573	129079	9501	
14:40:03.753	60	0.4358479644993247	443	0	20238	237	8609877	125890	130929	1850	
14:40:04.754	61	0.4418290565309666	455	12	20328	90	8626690	16813	131350	421	
14:40:05.754	62	0.4512830407100135	481	26	20679	351	8791054	164364	133642	2292	
14:40:06.754	63	0.4711557013312753	484	3	21502	823	9362658	571604	141474	7832	
14:40:07.754	64	0.501447038394752	484	0	22132	630	9904975	542317	148903	7429	
14:40:08.754	65	0.510901022573799	484	0	22302	170	10060844	155869	151116	2213	
14:40:09.754	66	0.5147597916264711	488	4	22361	59	10082843	21999	151531	415	
14:40:10.755	67	0.5218985143739148	509	21	22552	191	10159251	76408	152607	1076	
14:40:11.755	68	0.5354042060582674	510	1	23067	515	10478144	318893	156976	4369	
14:40:12.755	69	0.5525757283426587	510	0	23430	363	10835041	356897	161865	4889	
14:40:13.755	70	0.5604862049006367	510	0	23530	100	11022682	187641	164482	2617	
14:40:14.756	71	0.563766158595408	513	3	23572	42	11056814	34132	165018	536	
14:40:15.756	72	0.5693613737217827	527	14	23715	143	11105893	49079	165713	695	
14:40:16.756	73	0.5761142195639591	528	1	23892	177	11285575	179682	168175	2462	
14:40:17.757	74	0.5849893883851052	528	0	24069	177	11579035	293460	172195	4020	
14:40:18.757	75	0.5882693420798765	528	0	24130	61	11730389	151354	174293	2098	
14:40:19.757	76	0.5896199112483118	530	2	24147	17	11753835	23446	174651	358	
14:40:20.757	77	0.5923210495851823	540	10	24209	62	11772150	18315	174918	267	
14:40:21.758	78	0.5981092031641906	540	0	24327	118	11873547	101397	176307	1389	
14:40:22.758	79	0.6079490642485047	540	0	24459	132	12086123	212576	179219	2912	
14:40:23.758	80	0.610264325680108	540	0	24485	26	12207565	121442	180893	1674	
14:40:24.758	81	0.6112290179432761	540	0	24497	12	12228524	20959	181196	303	
14:40:25.758	82	0.6139301562801467	547	7	24531	34	12232407	3883	181259	63	
14:40:26.758	83	0.6154736639012155	547	0	24581	50	12273579	41172	181823	564	
14:40:27.758	84	0.6212618174802238	547	0	24662	81	12400745	127166	183565	1742	
14:40:28.758	85	0.6231912020065599	547	0	24685	23	12504537	103792	184989	1424	
14:40:29.758	86	0.6233841404591935	547	0	24687	2	12524113	19576	185261	272	
14:40:30.758	87	0.624155894269728	549	2	24703	16	12526500	2387	185296	35	
14:40:31.758	88	0.6253135249855296	549	0	24718	15	12535479	8979	185419	123	
14:40:32.758	89	0.6272429095118657	549	0	24736	18	12573074	37595	185934	515	
14:40:33.758	90	0.6282076017750338	549	0	24747	11	12608917	35843	186425	491	
14:40:34.758	91	0.6282076017750338	549	0	24747	0	12612859	3942	186479	54	
14:40:35.758	92	0.6282076017750338	549	0	24747	0	12613151	292	186483	4	
14:40:36.758	93	0.6282076017750338	549	0	24747	0	12613151	0	186483	0	
14:40:37.758	94	0.6282076017750338	549	0	24747	0	12613151	0	186483	0	
14:40:38.758	95	0.6282076017750338	549	0	24747	0	12613151	0	186483	0	
14:40:39.758	96	0.6282076017750338	549	0	24747	0	12613151	0	186483	0	
14:40:40.758	97	0.6282076017750338	549	0	24747	0	12613151	0	186483	0	
14:40:41.758	98	0.6282076017750338	549	0	24747	0	12613151	0	186483	0	
14:40:42.758	99	0.6282076017750338	549	0	24747	0	12613151	0	186483	0	
14:40:43.758	100	0.6282076017750338	549	0	24747	0	12613151	0	186483	0	
14:40:44.758	101	0.6282076017750338	549	0	24747	0	12613151	0	186483	0	
14:40:45.758	102	0.6282076017750338	549	0	24747	0	12613151	0	186483	0	
14:40:46.759	103	0.6282076017750338	549	0	24747	0	12613151	0	186483	0	
14:40:47.759	104	0.6282076017750338	549	0	24747	0	12613151	0	186483	0	
14:40:48.759	105	0.6282076017750338	549	0	24747	0	12613151	0	186483	0	
14:40:49.759	106	0.6282076017750338	549	0	24747	0	12613151	0	186483	0	
14:40:50.759	107	0.6282076017750338	549	0	24747	0	12613151	0	186483	0	
14:40:51.759	108	0.6282076017750338	549	0	24747	0	12613151	0	186483	0	
14:40:52.759	109	0.6282076017750338	549	0	24747	0	12613151	0	186483	0	
14:40:53.759	110	0.6282076017750338	549	0	24747	0	12613151	0	186483	0	
14:40:54.760	111	0.6282076017750338	549	0	24747	0	12613151	0	186483	0	
14:40:55.760	112	0.6282076017750338	549	0	24747	0	12613151	0	186483	0	
14:40:56.760	113	0.6282076017750338	549	0	24747	0	12613151	0	186483	0	
14:40:57.760	114	0.6282076017750338	549	0	24747	0	12613151	0	186483	0	
14:40:58.760	115	0.6282076017750338	549	0	24747	0	12613151	0	186483	0	
14:40:59.760	116	0.6282076017750338	549	0	24747	0	12613151	0	186483	0	
14:41:00.760	117	0.6282076017750338	549	0	24747	0	12613151	0	186483	0	
14:41:01.760	118	0.6282076017750338	549	0	24747	0	12613151	0	186483	0	
14:41:02.760	119	0.6282076017750338	549	0	24747	0	12613151	0	186483	0	
14:41:03.761	120	0.6282076017750338	549	0	24747	0	12613151	0	186483	0	
14:41:04.760	121	0.6282076017750338	549	0	24747	0	12613151	0	186483	0	
14:41:05.760	122	0.6282076017750338	549	0	24747	0	12613151	0	186483	0	
14:41:06.760	123	0.6282076017750338	549	0	24747	0	12613151	0	186483	0	
14:41:07.761	124	0.6282076017750338	549	0	24747	0	12613151	0	186483	0	
14:41:08.760	125	0.6282076017750338	549	0	24747	0	12613151	0	186483	0	
14:41:09.760	126	0.6282076017750338	549	0	24747	0	12613151	0	186483	0	
14:41:10.760	127	0.6282076017750338	549	0	24747	0	12613151	0	186483	0	
14:41:11.761	128	0.6282076017750338	549	0	24747	0	12613151	0	186483	0	
14:41:12.761	129	0.6282076017750338	549	0	24747	0	12613151	0	186483	0	
14:41:13.761	130	0.6282076017750338	549	0	24747	0	12613151	0	186483	0	
14:41:14.761	131	0.6282076017750338	549	0	24747	0	12613151	0	186483	0	
14:41:15.761	132	0.6282076017750338	549	0	24747	0	12613151	0	186483	0	
14:41:16.761	133	0.6282076017750338	549	0	24747	0	12613151	0	186483	0	
14:41:17.761	134	0.6282076017750338	549	0	24747	0	12613151	0	186483	0	
14:41:18.761	135	0.6282076017750338	549	0	24747	0	12613151	0	186483	0	
14:41:19.761	136	0.6282076017750338	549	0	24747	0	12613151	0	186483	0	
14:41:20.762	137	0.6282076017750338	549	0	24747	0	12613151	0	186483	0	
14:41:21.761	138	0.6282076017750338	549	0	24747	0	12613151	0	186483	0	
14:41:22.761	139	0.6282076017750338	549	0	24747	0	12613151	0	186483	0	
14:41:23.761	140	0.6282076017750338	549	0	24747	0	12613151	0	186483	0	
14:41:24.761	141	0.6282076017750338	549	0	24747	0	12613151	0	186483	0	
14:41:25.761	142	0.6282076017750338	549	0	24747	0	12613151	0	186483	0	
14:41:26.762	143	0.6282076017750338	549	0	24747	0	12613151	0	186483	0	
14:41:27.762	144	0.6282076017750338	549	0	24747	0	12613151	0	186483	0	
14:41:28.762	145	0.6282076017750338	549	0	24747	0	12613151	0	186483	0	
14:41:29.762	146	0.6282076017750338	549	0	24747	0	12613151	0	186483	0	
14:41:30.762	147	0.6282076017750338	549	0	24747	0	12613151	0	186483	0	
14:41:31.762	148	0.6282076017750338	549	0	24747	0	12613151	0	186483	0	
14:41:32.762	149	0.6282076017750338	549	0	24747	0	12613151	0	186483	0	
14:41:33.762	150	0.6282076017750338	549	0	24747	0	12613151	0	186483	0	
14:41:34.762	151	0.6282076017750338	549	0	24747	0	12613151	0	186483	0	
14:41:35.762	152	0.6282076017750338	549	0	24747	0	12613151	0	186483	0	
14:41:36.762	153	0.6282076017750338	549	0	24747	0	12613151	0	186483	0	
14:41:37.762	154	0.6282076017750338	549	0	24747	0	12613151	0	186483	0	
14:41:38.762	155	0.6282076017750338	549	0	24747	0	12613151	0	186483	0	
14:41:39.763	156	0.6282076017750338	549	0	24747	0	12613151	0	186483	0	
14:41:40.763	157	0.6282076017750338	549	0	24747	0	12613151	0	186483	0	
14:41:41.763	158	0.6282076017750338	549	0	24747	0	12613151	0	186483	0	
14:41:42.763	159	0.6282076017750338	549	0	24747	0	12613151	0	186483	0	
14:41:43.764	160	0.6282076017750338	549	0	24747	0	12613151	0	186483	0	
14:41:44.763	161	0.6282076017750338	549	0	24747	0	12613151	0	186483	0	
14:41:45.763	162	0.6282076017750338	549	0	24747	0	12613151	0	186483	0	
14:41:46.763	163	0.6282076017750338	549	0	24747	0	12613151	0	186483	0	
14:41:47.763	164	0.6282076017750338	549	0	24747	0	12613151	0	186483	0	
14:41:48.764	165	0.6282076017750338	549	0	24747	0	12613151	0	186483	0	
14:41:49.764	166	0.6282076017750338	549	0	24747	0	12613151	0	186483	0	
14:41:50.764	167	0.6282076017750338	549	0	24747	0	12613151	0	186483	0	
14:41:51.764	168	0.6282076017750338	549	0	24747	0	12613151	0	186483	0	
14:41:52.765	169	0.6282076017750338	549	0	24747	0	12613151	0	186483	0	
14:41:53.764	170	0.6282076017750338	549	0	24747	0	12613151	0	186483	0	
14:41:54.764	171	0.6282076017750338	549	0	24747	0	12613151	0	186483	0	
14:41:55.764	172	0.6282076017750338	549	0	24747	0	12613151	0	186483	0	
14:41:56.764	173	0.6282076017750338	549	0	24747	0	12613151	0	186483	0	
14:41:57.764	174	0.6282076017750338	549	0	24747	0	12613151	0	186483	0	
14:41:58.765	175	0.6282076017750338	549	0	24747	0	12613151	0	186483	0	
14:41:59.764	176	0.6282076017750338	549	0	24747	0	12613151	0	186483	0	
14:42:00.764	177	0.6282076017750338	549	0	24747	0	12613151	0	186483	0	
14:42:01.764	178	0.6282076017750338	549	0	24747	0	12613151	0	186483	0	
14:42:02.764	179	0.6282076017750338	549	0	24747	0	12613151	0	186483	0	
14:42:03.765	180	0.6282076017750338	549	0	24747	0	12613151	0	186483	0	
14:42:04.765	181	0.6282076017750338	549	0	24747	0	12613151	0	186483	0	
14:42:05.765	182	0.6282076017750338	549	0	24747	0	12613151	0	186483	0	
14:42:06.765	183	0.6282076017750338	549	0	24747	0	12613151	0	186483	0	
14:42:07.765	184	0.6282076017750338	549	0	24747	0	12613151	0	186483	0	
14:42:08.765	185	0.6282076017750338	549	0	24747	0	12613151	0	186483	0	
14:42:09.765	186	0.6282076017750338	549	0	24747	0	12613151	0	186483	0	
14:42:10.765	187	0.6282076017750338	549	0	24747	0	12613151	0	186483	0	
14:42:11.765	188	0.6282076017750338	549	0	24747	0	12613151	0	186483	0	
14:42:12.765	189	0.6282076017750338	549	0	24747	0	12613151	0	186483	0	
14:42:13.765	190	0.6282076017750338	549	0	24747	0	12613151	0	186483	0	
14:42:14.765	191	0.6282076017750338	549	0	24747	0	12613151	0	186483	0	
14:42:15.765	192	0.6282076017750338	549	0	24747	0	12613151	0	186483	0	
14:42:16.765	193	0.6282076017750338	549	0	24747	0	12613151	0	186483	0	
14:42:17.765	194	0.6282076017750338	549	0	24747	0	12613151	0	186483	0	
14:42:18.766	195	0.6282076017750338	549	0	24747	0	12613151	0	186483	0	
14:42:19.766	196	0.6282076017750338	549	0	24747	0	12613151	0	186483	0	
14:42:20.766	197	0.6282076017750338	549	0	24747	0	12613151	0	186483	0	
14:42:21.766	198	0.6282076017750338	549	0	24747	0	12613151	0	186483	0	
14:42:22.767	199	0.6282076017750338	549	0	24747	0	12613151	0	186483	0	
14:42:23.766	200	0.6282076017750338	549	0	24747	0	12613151	0	186483	0	
14:42:24.766	201	0.6282076017750338	549	0	24747	0	12613151	0	186483	0	
14:42:25.766	202	0.6282076017750338	549	0	24747	0	12613151	0	186483	0	
14:42:26.767	203	0.6282076017750338	549	0	24747	0	12613151	0	186483	0	
14:42:27.767	204	0.6282076017750338	549	0	24747	0	12613151	0	186483	0	
14:42:28.767	205	0.6282076017750338	549	0	24747	0	12613151	0	186483	0	
14:42:29.767	206	0.6282076017750338	549	0	24747	0	12613151	0	186483	0	
14:42:30.767	207	0.6282076017750338	549	0	24747	0	12613151	0	186483	0	
14:42:31.767	208	0.6282076017750338	549	0	24747	0	12613151	0	186483	0	
14:42:32.767	209	0.6282076017750338	549	0	24747	0	12613151	0	186483	0	
14:42:33.768	210	0.6282076017750338	549	0	24747	0	12613151	0	186483	0	
14:42:34.768	211	0.6282076017750338	549	0	24747	0	12613151	0	186483	0	
14:42:35.768	212	0.6282076017750338	549	0	24747	0	12613151	0	186483	0	
14:42:36.768	213	0.6282076017750338	549	0	24747	0	12613151	0	186483	0	
14:42:37.768	214	0.6282076017750338	549	0	24747	0	12613151	0	186483	0	
14:42:38.768	215	0.6282076017750338	549	0	24747	0	12613151	0	186483	0	
14:42:39.768	216	0.6282076017750338	549	0	24747	0	12613151	0	186483	0	
14:42:40.768	217	0.6282076017750338	549	0	24747	0	12613151	0	186483	0	
14:42:41.768	218	0.6282076017750338	549	0	24747	0	12613151	0	186483	0	
14:42:42.769	219	0.6282076017750338	549	0	24747	0	12613151	0	186483	0	
14:42:43.769	220	0.6282076017750338	549	0	24747	0	12613151	0	186483	0	
14:42:44.769	221	0.6282076017750338	549	0	24747	0	12613151	0	186483	0	
14:42:45.769	222	0.6282076017750338	549	0	24747	0	12613151	0	186483	0	
14:42:46.769	223	0.6282076017750338	549	0	24747	0	12613151	0	186483	0	
14:42:47.769	224	0.6282076017750338	549	0	24747	0	12613151	0	186483	0	
14:42:48.769	225	0.6282076017750338	549	0	24747	0	12613151	0	186483	0	
14:42:49.769	226	0.6282076017750338	549	0	24747	0	12613151	0	186483	0	
14:42:50.769	227	0.6282076017750338	549	0	24747	0	12613151	0	186483	0	
14:42:51.769	228	0.6282076017750338	549	0	24747	0	12613151	0	186483	0	
14:42:52.769	229	0.6282076017750338	549	0	24747	0	12613151	0	186483	0	
14:42:53.769	230	0.6282076017750338	549	0	24747	0	12613151	0	186483	0	
14:42:54.769	231	0.6282076017750338	549	0	24747	0	12613151	0	186483	0	
14:42:55.769	232	0.6282076017750338	549	0	24747	0	12613151	0	186483	0	
14:42:56.770	233	0.6282076017750338	549	0	24747	0	12613151	0	186483	0	
14:42:57.770	234	0.6282076017750338	549	0	24747	0	12613151	0	186483	0	
14:42:58.770	235	0.6282076017750338	549	0	24747	0	12613151	0	186483	0	
14:42:59.770	236	0.6282076017750338	549	0	24747	0	12613151	0	186483	0	
14:43:00.770	237	0.6282076017750338	549	0	24747	0	12613151	0	186483	0	
14:43:01.770	238	0.6282076017750338	549	0	24747	0	12613151	0	186483	0	
14:43:02.770	239	0.6282076017750338	549	0	24747	0	12613151	0	186483	0	
14:43:03.770	240	0.6282076017750338	549	0	24747	0	12613151	0	186483	0	
14:43:04.770	241	0.6282076017750338	549	0	24747	0	12613151	0	186483	0	
14:43:05.770	242	0.6282076017750338	549	0	24747	0	12613151	0	186483	0	
14:43:06.770	243	0.6282076017750338	549	0	24747	0	12613151	0	186483	0	
14:43:07.771	244	0.6282076017750338	549	0	24747	0	12613151	0	186483	0	
14:43:08.771	245	0.6282076017750338	549	0	24747	0	12613151	0	186483	0	
14:43:09.771	246	0.6282076017750338	549	0	24747	0	12613151	0	186483	0	
14:43:10.771	247	0.6282076017750338	549	0	24747	0	12613151	0	186483	0	
14:43:11.772	248	0.6282076017750338	549	0	24747	0	12613151	0	186483	0	
14:43:12.771	249	0.6282076017750338	549	0	24747	0	12613151	0	186483	0	
14:43:13.771	250	0.6282076017750338	549	0	24747	0	12613151	0	186483	0	
14:43:14.771	251	0.6282076017750338	549	0	24747	0	12613151	0	186483	0	
14:43:15.772	252	0.6282076017750338	549	0	24747	0	12613151	0	186483	0	
14:43:16.772	253	0.6282076017750338	549	0	24747	0	12613151	0	186483	0	
14:43:17.772	254	0.6282076017750338	549	0	24747	0	12613151	0	186483	0	
14:43:18.772	255	0.6282076017750338	549	0	24747	0	12613151	0	186483	0	
14:43:19.772	256	0.6282076017750338	549	0	24747	0	12613151	0	186483	0	
14:43:20.772	257	0.6282076017750338	549	0	24747	0	12613151	0	186483	0	
14:43:21.772	258	0.6282076017750338	549	0	24747	0	12613151	0	186483	0	
14:43:22.772	259	0.6282076017750338	549	0	24747	0	12613151	0	186483	0	
14:43:23.772	260	0.6282076017750338	549	0	24747	0	12613151	0	186483	0	
14:43:24.772	261	0.6282076017750338	549	0	24747	0	12613151	0	186483	0	
14:43:25.773	262	0.6282076017750338	549	0	24747	0	12613151	0	186483	0	
14:43:26.773	263	0.6282076017750338	549	0	24747	0	12613151	0	186483	0	
14:43:27.773	264	0.6282076017750338	549	0	24747	0	12613151	0	186483	0	
14:43:28.773	265	0.6282076017750338	549	0	24747	0	12613151	0	186483	0	
14:43:29.773	266	0.6282076017750338	549	0	24747	0	12613151	0	186483	0	
14:43:30.773	267	0.6282076017750338	549	0	24747	0	12613151	0	186483	0	
14:43:31.773	268	0.6282076017750338	549	0	24747	0	12613151	0	186483	0	
14:43:32.773	269	0.6282076017750338	549	0	24747	0	12613151	0	186483	0	
14:43:33.773	270	0.6282076017750338	549	0	24747	0	12613151	0	186483	0	
14:43:34.773	271	0.6282076017750338	549	0	24747	0	12613151	0	186483	0	
14:43:35.774	272	0.6282076017750338	549	0	24747	0	12613151	0	186483	0	
14:43:36.774	273	0.6282076017750338	549	0	24747	0	12613151	0	186483	0	
14:43:37.774	274	0.6282076017750338	549	0	24747	0	12613151	0	186483	0	
14:43:38.774	275	0.6282076017750338	549	0	24747	0	12613151	0	186483	0	
14:43:39.774	276	0.6282076017750338	549	0	24747	0	12613151	0	186483	0	
14:43:40.774	277	0.6282076017750338	549	0	24747	0	12613151	0	186483	0	
14:43:41.774	278	0.6282076017750338	549	0	24747	0	12613151	0	186483	0	
14:43:42.774	279	0.6282076017750338	549	0	24747	0	12613151	0	186483	0	
14:43:43.774	280	0.6282076017750338	549	0	24747	0	12613151	0	186483	0	
14:43:44.774	281	0.6282076017750338	549	0	24747	0	12613151	0	186483	0	
14:43:45.774	282	0.6282076017750338	549	0	24747	0	12613151	0	186483	0	
14:43:46.774	283	0.6282076017750338	549	0	24747	0	12613151	0	186483	0	
14:43:47.774	284	0.6282076017750338	549	0	24747	0	12613151	0	186483	0	
14:43:48.774	285	0.6282076017750338	549	0	24747	0	12613151	0	186483	0	
14:43:49.775	286	0.6282076017750338	549	0	24747	0	12613151	0	186483	0	
14:43:50.775	287	0.6282076017750338	549	0	24747	0	12613151	0	186483	0	
14:43:51.775	288	0.6282076017750338	549	0	24747	0	12613151	0	186483	0	
14:43:52.775	289	0.6282076017750338	549	0	24747	0	12613151	0	186483	0	
14:43:53.776	290	0.6282076017750338	549	0	24747	0	12613151	0	186483	0	
14:43:54.776	291	0.6282076017750338	549	0	24747	0	12613151	0	186483	0	
14:43:55.776	292	0.6282076017750338	549	0	24747	0	12613151	0	186483	0	
14:43:56.776	293	0.6282076017750338	549	0	24747	0	12613151	0	186483	0	
14:43:57.776	294	0.6282076017750338	549	0	24747	0	12613151	0	186483	0	
14:43:58.776	295	0.6282076017750338	549	0	24747	0	12613151	0	186483	0	
14:43:59.776	296	0.6282076017750338	549	0	24747	0	12613151	0	186483	0	
14:44:00.776	297	0.6282076017750338	549	0	24747	0	12613151	0	186483	0	
14:44:01.776	298	0.6282076017750338	549	0	24747	0	12613151	0	186483	0	
14:44:02.776	299	0.6282076017750338	549	0	24747	0	12613151	0	186483	0	
14:44:03.776	300	0.6282076017750338	549	0	24747	0	12613151	0	186483	0	
14:44:04.776	301	0.6282076017750338	549	0	24747	0	12613151	0	186483	0	
14:44:05.777	302	0.6282076017750338	549	0	24747	0	12613151	0	186483	0	
14:44:06.776	303	0.6282076017750338	549	0	24747	0	12613151	0	186483	0	
14:44:07.776	304	0.6282076017750338	549	0	24747	0	12613151	0	186483	0	
14:44:08.776	305	0.6282076017750338	549	0	24747	0	12613151	0	186483	0	
14:44:09.777	306	0.6282076017750338	549	0	24747	0	12613151	0	186483	0	
14:44:10.777	307	0.6282076017750338	549	0	24747	0	12613151	0	186483	0	
14:44:11.777	308	0.6282076017750338	549	0	24747	0	12613151	0	186483	0	
14:44:12.777	309	0.6282076017750338	549	0	24747	0	12613151	0	186483	0	
14:44:13.777	310	0.6282076017750338	549	0	24747	0	12613151	0	186483	0	
14:44:14.777	311	0.6282076017750338	549	0	24747	0	12613151	0	186483	0	
14:44:15.777	312	0.6282076017750338	549	0	24747	0	12613151	0	186483	0	
14:44:16.777	313	0.6282076017750338	549	0	24747	0	12613151	0	186483	0	
14:44:17.777	314	0.6282076017750338	549	0	24747	0	12613151	0	186483	0	
14:44:18.777	315	0.6282076017750338	549	0	24747	0	12613151	0	186483	0	
14:44:19.778	316	0.6282076017750338	549	0	24747	0	12613151	0	186483	0	
14:44:20.778	317	0.6282076017750338	549	0	24747	0	12613151	0	186483	0	
14:44:21.778	318	0.6282076017750338	549	0	24747	0	12613151	0	186483	0	
14:44:22.778	319	0.6282076017750338	549	0	24747	0	12613151	0	186483	0	
14:44:23.779	320	0.6282076017750338	549	0	24747	0	12613151	0	186483	0	
14:44:24.778	321	0.6282076017750338	549	0	24747	0	12613151	0	186483	0	
14:44:25.778	322	0.6282076017750338	549	0	24747	0	12613151	0	186483	0	
14:44:26.778	323	0.6282076017750338	549	0	24747	0	12613151	0	186483	0	
14:44:27.778	324	0.6282076017750338	549	0	24747	0	12613151	0	186483	0	
14:44:28.778	325	0.6282076017750338	549	0	24747	0	12613151	0	186483	0	
14:44:29.779	326	0.6282076017750338	549	0	24747	0	12613151	0	186483	0	
14:44:30.778	327	0.6282076017750338	549	0	24747	0	12613151	0	186483	0	
14:44:31.778	328	0.6282076017750338	549	0	24747	0	12613151	0	186483	0	
14:44:32.778	329	0.6282076017750338	549	0	24747	0	12613151	0	186483	0	
14:44:33.778	330	0.6282076017750338	549	0	24747	0	12613151	0	186483	0	
14:44:34.778	331	0.6282076017750338	549	0	24747	0	12613151	0	186483	0	
14:44:35.778	332	0.6282076017750338	549	0	24747	0	12613151	0	186483	0	
14:44:36.778	333	0.6282076017750338	549	0	24747	0	12613151	0	186483	0	
14:44:37.778	334	0.6282076017750338	549	0	24747	0	12613151	0	186483	0	
14:44:38.778	335	0.6282076017750338	549	0	24747	0	12613151	0	186483	0	
14:44:39.778	336	0.6282076017750338	549	0	24747	0	12613151	0	186483	0	
14:44:40.779	337	0.6282076017750338	549	0	24747	0	12613151	0	186483	0	
14:44:41.779	338	0.6282076017750338	549	0	24747	0	12613151	0	186483	0	
14:44:42.779	339	0.6282076017750338	549	0	24747	0	12613151	0	186483	0	
14:44:43.779	340	0.6282076017750338	549	0	24747	0	12613151	0	186483	0	
14:44:44.779	341	0.6282076017750338	549	0	24747	0	12613151	0	186483	0	
14:44:45.779	342	0.6282076017750338	549	0	24747	0	12613151	0	186483	0	
14:44:46.779	343	0.6282076017750338	549	0	24747	0	12613151	0	186483	0	
14:44:47.779	344	0.6282076017750338	549	0	24747	0	12613151	0	186483	0	
14:44:48.779	345	0.6282076017750338	549	0	24747	0	12613151	0	186483	0	
14:44:49.779	346	0.6282076017750338	549	0	24747	0	12613151	0	186483	0	
14:44:50.779	347	0.6282076017750338	549	0	24747	0	12613151	0	186483	0	
14:44:51.779	348	0.6282076017750338	549	0	24747	0	12613151	0	186483	0	
14:44:52.779	349	0.6282076017750338	549	0	24747	0	12613151	0	186483	0	
14:44:53.779	350	0.6282076017750338	549	0	24747	0	12613151	0	186483	0	
14:44:54.779	351	0.6282076017750338	549	0	24747	0	12613151	0	186483	0	
14:44:55.779	352	0.6282076017750338	549	0	24747	0	12613151	0	186483	0	
14:44:56.779	353	0.6282076017750338	549	0	24747	0	12613151	0	186483	0	
14:44:57.779	354	0.6282076017750338	549	0	24747	0	12613151	0	186483	0	
14:44:58.780	355	0.6282076017750338	549	0	24747	0	12613151	0	186483	0	
14:44:59.780	356	0.6282076017750338	549	0	24747	0	12613151	0	186483	0	
14:45:00.780	357	0.6282076017750338	549	0	24747	0	12613151	0	186483	0	
14:45:01.780	358	0.6282076017750338	549	0	24747	0	12613151	0	186483	0	
14:45:02.780	359	0.6282076017750338	549	0	24747	0	12613151	0	186483	0	
14:45:03.780	360	0.6282076017750338	549	0	24747	0	12613151	0	186483	0	
14:45:04.780	361	0.6282076017750338	549	0	24747	0	12613151	0	186483	0	
14:45:05.780	362	0.6282076017750338	549	0	24747	0	12613151	0	186483	0	
14:45:06.780	363	0.6282076017750338	549	0	24747	0	12613151	0	186483	0	
14:45:07.780	364	0.6282076017750338	549	0	24747	0	12613151	0	186483	0	
14:45:08.781	365	0.6282076017750338	549	0	24747	0	12613151	0	186483	0	
14:45:09.780	366	0.6282076017750338	549	0	24747	0	12613151	0	186483	0	
14:45:10.781	367	0.6282076017750338	549	0	24747	0	12613151	0	186483	0	
14:45:11.780	368	0.6282076017750338	549	0	24747	0	12613151	0	186483	0	
14:45:12.780	369	0.6282076017750338	549	0	24747	0	12613151	0	186483	0	
14:45:13.780	370	0.6282076017750338	549	0	24747	0	12613151	0	186483	0	
14:45:14.781	371	0.6282076017750338	549	0	24747	0	12613151	0	186483	0	
14:45:15.780	372	0.6282076017750338	549	0	24747	0	12613151	0	186483	0	
14:45:16.780	373	0.6282076017750338	549	0	24747	0	12613151	0	186483	0	
14:45:17.780	374	0.6282076017750338	549	0	24747	0	12613151	0	186483	0	
14:45:18.780	375	0.6282076017750338	549	0	24747	0	12613151	0	186483	0	
14:45:19.780	376	0.6282076017750338	549	0	24747	0	12613151	0	186483	0	
14:45:20.780	377	0.6282076017750338	549	0	24747	0	12613151	0	186483	0	
14:45:21.781	378	0.6282076017750338	549	0	24747	0	12613151	0	186483	0	
14:45:22.780	379	0.6282076017750338	549	0	24747	0	12613151	0	186483	0	
14:45:23.780	380	0.6282076017750338	549	0	24747	0	12613151	0	186483	0	
14:45:24.780	381	0.6282076017750338	549	0	24747	0	12613151	0	186483	0	
14:45:25.781	382	0.6282076017750338	549	0	24747	0	12613151	0	186483	0	
14:45:26.781	383	0.6282076017750338	549	0	24747	0	12613151	0	186483	0	
14:45:27.781	384	0.6282076017750338	549	0	24747	0	12613151	0	186483	0	
14:45:28.781	385	0.6282076017750338	549	0	24747	0	12613151	0	186483	0	
14:45:29.781	386	0.6282076017750338	549	0	24747	0	12613151	0	186483	0	
14:45:30.781	387	0.6282076017750338	549	0	24747	0	12613151	0	186483	0	
14:45:31.781	388	0.6282076017750338	549	0	24747	0	12613151	0	186483	0	
14:45:32.781	389	0.6282076017750338	549	0	24747	0	12613151	0	186483	0	
14:45:33.781	390	0.6282076017750338	549	0	24747	0	12613151	0	186483	0	
14:45:34.782	391	0.6282076017750338	549	0	24747	0	12613151	0	186483	0	
14:45:35.782	392	0.6282076017750338	549	0	24747	0	12613151	0	186483	0	
14:45:36.782	393	0.6282076017750338	549	0	24747	0	12613151	0	186483	0	
14:45:37.782	394	0.6282076017750338	549	0	24747	0	12613151	0	186483	0	
14:45:38.782	395	0.6282076017750338	549	0	24747	0	12613151	0	186483	0	
14:45:39.782	396	0.6282076017750338	549	0	24747	0	12613151	0	186483	0	
14:45:40.782	397	0.6282076017750338	549	0	24747	0	12613151	0	186483	0	
14:45:41.782	398	0.6282076017750338	549	0	24747	0	12613151	0	186483	0	
14:45:42.783	399	0.6282076017750338	549	0	24747	0	12613151	0	186483	0	
14:45:43.782	400	0.6282076017750338	549	0	24747	0	12613151	0	186483	0	
14:45:44.782	401	0.6282076017750338	549	0	24747	0	12613151	0	186483	0	
14:45:45.782	402	0.6282076017750338	549	0	24747	0	12613151	0	186483	0	
14:45:46.782	403	0.6282076017750338	549	0	24747	0	12613151	0	186483	0	
14:45:47.782	404	0.6282076017750338	549	0	24747	0	12613151	0	186483	0	
14:45:48.782	405	0.6282076017750338	549	0	24747	0	12613151	0	186483	0	
14:45:49.782	406	0.6282076017750338	549	0	24747	0	12613151	0	186483	0	
14:45:50.782	407	0.6282076017750338	549	0	24747	0	12613151	0	186483	0	
14:45:51.782	408	0.6282076017750338	549	0	24747	0	12613151	0	186483	0	
14:45:52.782	409	0.6282076017750338	549	0	24747	0	12613151	0	186483	0	
14:45:53.782	410	0.6282076017750338	549	0	24747	0	12613151	0	186483	0	
14:45:54.782	411	0.6282076017750338	549	0	24747	0	12613151	0	186483	0	
14:45:55.782	412	0.6282076017750338	549	0	24747	0	12613151	0	186483	0	
14:45:56.782	413	0.6282076017750338	549	0	24747	0	12613151	0	186483	0	
14:45:57.782	414	0.6282076017750338	549	0	24747	0	12613151	0	186483	0	
14:45:58.782	415	0.6282076017750338	549	0	24747	0	12613151	0	186483	0	
14:45:59.782	416	0.6282076017750338	549	0	24747	0	12613151	0	186483	0	
14:46:00.782	417	0.6282076017750338	549	0	24747	0	12613151	0	186483	0	
14:46:01.783	418	0.6282076017750338	549	0	24747	0	12613151	0	186483	0	
14:46:02.783	419	0.6282076017750338	549	0	24747	0	12613151	0	186483	0	
14:46:03.783	420	0.6282076017750338	549	0	24747	0	12613151	0	186483	0	
14:46:04.783	421	0.6282076017750338	549	0	24747	0	12613151	0	186483	0	
14:46:05.783	422	0.6282076017750338	549	0	24747	0	12613151	0	186483	0	
14:46:06.783	423	0.6282076017750338	549	0	24747	0	12613151	0	186483	0	
14:46:07.783	424	0.6282076017750338	549	0	24747	0	12613151	0	186483	0	
14:46:08.784	425	0.6282076017750338	549	0	24747	0	12613151	0	186483	0	
14:46:09.784	426	0.6282076017750338	549	0	24747	0	12613151	0	186483	0	
14:46:10.784	427	0.6282076017750338	549	0	24747	0	12613151	0	186483	0	
14:46:11.784	428	0.6282076017750338	549	0	24747	0	12613151	0	186483	0	
14:46:12.785	429	0.6282076017750338	549	0	24747	0	12613151	0	186483	0	
14:46:13.785	430	0.6282076017750338	549	0	24747	0	12613151	0	186483	0	
14:46:14.785	431	0.6282076017750338	549	0	24747	0	12613151	0	186483	0	
14:46:15.785	432	0.6282076017750338	549	0	24747	0	12613151	0	186483	0	
14:46:16.785	433	0.6282076017750338	549	0	24747	0	12613151	0	186483	0	
14:46:17.785	434	0.6282076017750338	549	0	24747	0	12613151	0	186483	0	
14:46:18.785	435	0.6282076017750338	549	0	24747	0	12613151	0	186483	0	
14:46:19.785	436	0.6282076017750338	549	0	24747	0	12613151	0	186483	0	
14:46:20.785	437	0.6282076017750338	549	0	24747	0	12613151	0	186483	0	
14:46:21.785	438	0.6282076017750338	549	0	24747	0	12613151	0	186483	0	
14:46:22.785	439	0.6282076017750338	549	0	24747	0	12613151	0	186483	0	
14:46:23.785	440	0.6282076017750338	549	0	24747	0	12613151	0	186483	0	
14:46:24.785	441	0.6282076017750338	549	0	24747	0	12613151	0	186483	0	
14:46:25.785	442	0.6282076017750338	549	0	24747	0	12613151	0	186483	0	
14:46:26.785	443	0.6282076017750338	549	0	24747	0	12613151	0	186483	0	
14:46:27.785	444	0.6282076017750338	549	0	24747	0	12613151	0	186483	0	
14:46:28.786	445	0.6282076017750338	549	0	24747	0	12613151	0	186483	0	
14:46:29.785	446	0.6282076017750338	549	0	24747	0	12613151	0	186483	0	
14:46:30.786	447	0.6282076017750338	549	0	24747	0	12613151	0	186483	0	
14:46:31.786	448	0.6282076017750338	549	0	24747	0	12613151	0	186483	0	
14:46:32.786	449	0.6282076017750338	549	0	24747	0	12613151	0	186483	0	
14:46:33.786	450	0.6282076017750338	549	0	24747	0	12613151	0	186483	0	
14:46:34.786	451	0.6282076017750338	549	0	24747	0	12613151	0	186483	0	
14:46:35.787	452	0.6282076017750338	549	0	24747	0	12613151	0	186483	0	
14:46:36.786	453	0.6282076017750338	549	0	24747	0	12613151	0	186483	0	
14:46:37.786	454	0.6282076017750338	549	0	24747	0	12613151	0	186483	0	
14:46:38.786	455	0.6282076017750338	549	0	24747	0	12613151	0	186483	0	
14:46:39.786	456	0.6282076017750338	549	0	24747	0	12613151	0	186483	0	
14:46:40.786	457	0.6282076017750338	549	0	24747	0	12613151	0	186483	0	
14:46:41.786	458	0.6282076017750338	549	0	24747	0	12613151	0	186483	0	
14:46:42.786	459	0.6282076017750338	549	0	24747	0	12613151	0	186483	0	
14:46:43.786	460	0.6282076017750338	549	0	24747	0	12613151	0	186483	0	
14:46:44.786	461	0.6282076017750338	549	0	24747	0	12613151	0	186483	0	
14:46:45.786	462	0.6282076017750338	549	0	24747	0	12613151	0	186483	0	
14:46:46.787	463	0.6282076017750338	549	0	24747	0	12613151	0	186483	0	
14:46:47.787	464	0.6282076017750338	549	0	24747	0	12613151	0	186483	0	
14:46:48.787	465	0.6282076017750338	549	0	24747	0	12613151	0	186483	0	
14:46:49.787	466	0.6282076017750338	549	0	24747	0	12613151	0	186483	0	
14:46:50.787	467	0.6282076017750338	549	0	24747	0	12613151	0	186483	0	
14:46:51.787	468	0.6282076017750338	549	0	24747	0	12613151	0	186483	0	
14:46:52.787	469	0.6282076017750338	549	0	24747	0	12613151	0	186483	0	
14:46:53.787	470	0.6282076017750338	549	0	24747	0	12613151	0	186483	0	
14:46:54.787	471	0.6282076017750338	549	0	24747	0	12613151	0	186483	0	
14:46:55.787	472	0.6282076017750338	549	0	24747	0	12613151	0	186483	0	
14:46:56.787	473	0.6282076017750338	549	0	24747	0	12613151	0	186483	0	
14:46:57.787	474	0.6282076017750338	549	0	24747	0	12613151	0	186483	0	
14:46:58.788	475	0.6282076017750338	549	0	24747	0	12613151	0	186483	0	
14:46:59.788	476	0.6282076017750338	549	0	24747	0	12613151	0	186483	0	
14:47:00.788	477	0.6282076017750338	549	0	24747	0	12613151	0	186483	0	
14:47:01.788	478	0.6282076017750338	549	0	24747	0	12613151	0	186483	0	
14:47:02.788	479	0.6282076017750338	549	0	24747	0	12613151	0	186483	0	
14:47:03.788	480	0.6282076017750338	549	0	24747	0	12613151	0	186483	0	
14:47:04.788	481	0.6282076017750338	549	0	24747	0	12613151	0	186483	0	
14:47:05.789	482	0.6282076017750338	549	0	24747	0	12613151	0	186483	0	
14:47:06.788	483	0.6282076017750338	549	0	24747	0	12613151	0	186483	0	
14:47:07.788	484	0.6282076017750338	549	0	24747	0	12613151	0	186483	0	
14:47:08.788	485	0.6282076017750338	549	0	24747	0	12613151	0	186483	0	
14:47:09.788	486	0.6282076017750338	549	0	24747	0	12613151	0	186483	0	
14:47:10.788	487	0.6282076017750338	549	0	24747	0	12613151	0	186483	0	
14:47:11.789	488	0.6282076017750338	549	0	24747	0	12613151	0	186483	0	
14:47:12.788	489	0.6282076017750338	549	0	24747	0	12613151	0	186483	0	
14:47:13.788	490	0.6282076017750338	549	0	24747	0	12613151	0	186483	0	
14:47:14.788	491	0.6282076017750338	549	0	24747	0	12613151	0	186483	0	
14:47:15.788	492	0.6282076017750338	549	0	24747	0	12613151	0	186483	0	
14:47:16.788	493	0.6282076017750338	549	0	24747	0	12613151	0	186483	0	
14:47:17.788	494	0.6282076017750338	549	0	24747	0	12613151	0	186483	0	
14:47:18.788	495	0.6282076017750338	549	0	24747	0	12613151	0	186483	0	
14:47:19.788	496	0.6282076017750338	549	0	24747	0	12613151	0	186483	0	
14:47:20.788	497	0.6282076017750338	549	0	24747	0	12613151	0	186483	0	
14:47:21.788	498	0.6282076017750338	549	0	24747	0	12613151	0	186483	0	
14:47:22.789	499	0.6282076017750338	549	0	24747	0	12613151	0	186483	0	
14:47:23.788	500	0.6282076017750338	549	0	24747	0	12613151	0	186483	0	
14:47:24.788	501	0.6282076017750338	549	0	24747	0	12613151	0	186483	0	
14:47:25.789	502	0.6282076017750338	549	0	24747	0	12613151	0	186483	0	
14:47:26.789	503	0.6282076017750338	549	0	24747	0	12613151	0	186483	0	
14:47:27.789	504	0.6282076017750338	549	0	24747	0	12613151	0	186483	0	
14:47:28.790	505	0.6282076017750338	549	0	24747	0	12613151	0	186483	0	
14:47:29.789	506	0.6282076017750338	549	0	24747	0	12613151	0	186483	0	
14:47:30.789	507	0.6282076017750338	549	0	24747	0	12613151	0	186483	0	
14:47:31.789	508	0.6282076017750338	549	0	24747	0	12613151	0	186483	0	
14:47:32.789	509	0.6282076017750338	549	0	24747	0	12613151	0	186483	0	
14:47:33.789	510	0.6282076017750338	549	0	24747	0	12613151	0	186483	0	
14:47:34.789	511	0.6282076017750338	549	0	24747	0	12613151	0	186483	0	
14:47:35.789	512	0.6282076017750338	549	0	24747	0	12613151	0	186483	0	
14:47:36.789	513	0.6282076017750338	549	0	24747	0	12613151	0	186483	0	
14:47:37.789	514	0.6282076017750338	549	0	24747	0	12613151	0	186483	0	
14:47:38.789	515	0.6282076017750338	549	0	24747	0	12613151	0	186483	0	
14:47:39.789	516	0.6282076017750338	549	0	24747	0	12613151	0	186483	0	
14:47:40.789	517	0.6282076017750338	549	0	24747	0	12613151	0	186483	0	
14:47:41.789	518	0.6282076017750338	549	0	24747	0	12613151	0	186483	0	
14:47:42.789	519	0.6282076017750338	549	0	24747	0	12613151	0	186483	0	
14:47:43.789	520	0.6282076017750338	549	0	24747	0	12613151	0	186483	0	
14:47:44.789	521	0.6282076017750338	549	0	24747	0	12613151	0	186483	0	
14:47:45.789	522	0.6282076017750338	549	0	24747	0	12613151	0	186483	0	
14:47:46.789	523	0.6282076017750338	549	0	24747	0	12613151	0	186483	0	
14:47:47.789	524	0.6282076017750338	549	0	24747	0	12613151	0	186483	0	
14:47:48.790	525	0.6282076017750338	549	0	24747	0	12613151	0	186483	0	
14:47:49.790	526	0.6282076017750338	549	0	24747	0	12613151	0	186483	0	
14:47:50.790	527	0.6282076017750338	549	0	24747	0	12613151	0	186483	0	
14:47:51.790	528	0.6282076017750338	549	0	24747	0	12613151	0	186483	0	
14:47:52.791	529	0.6282076017750338	549	0	24747	0	12613151	0	186483	0	
14:47:53.790	530	0.6282076017750338	549	0	24747	0	12613151	0	186483	0	
14:47:54.790	531	0.6282076017750338	549	0	24747	0	12613151	0	186483	0	
14:47:55.790	532	0.6282076017750338	549	0	24747	0	12613151	0	186483	0	
14:47:56.791	533	0.6282076017750338	549	0	24747	0	12613151	0	186483	0	
14:47:57.791	534	0.6282076017750338	549	0	24747	0	12613151	0	186483	0	
14:47:58.791	535	0.6282076017750338	549	0	24747	0	12613151	0	186483	0	
14:47:59.791	536	0.6282076017750338	549	0	24747	0	12613151	0	186483	0	
14:48:00.791	537	0.6282076017750338	549	0	24747	0	12613151	0	186483	0	
14:48:01.791	538	0.6282076017750338	549	0	24747	0	12613151	0	186483	0	
14:48:02.791	539	0.6282076017750338	549	0	24747	0	12613151	0	186483	0	
14:48:03.792	540	0.6282076017750338	549	0	24747	0	12613151	0	186483	0	
14:48:04.792	541	0.6282076017750338	549	0	24747	0	12613151	0	186483	0	
14:48:05.792	542	0.6282076017750338	549	0	24747	0	12613151	0	186483	0	
14:48:06.792	543	0.6282076017750338	549	0	24747	0	12613151	0	186483	0	
14:48:07.792	544	0.6282076017750338	549	0	24747	0	12613151	0	186483	0	
14:48:08.792	545	0.6282076017750338	549	0	24747	0	12613151	0	186483	0	
14:48:09.792	546	0.6282076017750338	549	0	24747	0	12613151	0	186483	0	
14:48:10.792	547	0.6282076017750338	549	0	24747	0	12613151	0	186483	0	
14:48:11.792	548	0.6282076017750338	549	0	24747	0	12613151	0	186483	0	
14:48:12.793	549	0.6282076017750338	549	0	24747	0	12613151	0	186483	0	
14:48:13.792	550	0.6282076017750338	549	0	24747	0	12613151	0	186483	0	
14:48:14.792	551	0.6282076017750338	549	0	24747	0	12613151	0	186483	0	
14:48:15.792	552	0.6282076017750338	549	0	24747	0	12613151	0	186483	0	
14:48:16.792	553	0.6282076017750338	549	0	24747	0	12613151	0	186483	0	
14:48:17.792	554	0.6282076017750338	549	0	24747	0	12613151	0	186483	0	
14:48:18.792	555	0.6282076017750338	549	0	24747	0	12613151	0	186483	0	
14:48:19.793	556	0.6282076017750338	549	0	24747	0	12613151	0	186483	0	
14:48:20.793	557	0.6282076017750338	549	0	24747	0	12613151	0	186483	0	
14:48:21.793	558	0.6282076017750338	549	0	24747	0	12613151	0	186483	0	
14:48:22.793	559	0.6282076017750338	549	0	24747	0	12613151	0	186483	0	
14:48:23.794	560	0.6282076017750338	549	0	24747	0	12613151	0	186483	0	
14:48:24.794	561	0.6282076017750338	549	0	24747	0	12613151	0	186483	0	
14:48:25.794	562	0.6282076017750338	549	0	24747	0	12613151	0	186483	0	
14:48:26.794	563	0.6282076017750338	549	0	24747	0	12613151	0	186483	0	
14:48:27.794	564	0.6282076017750338	549	0	24747	0	12613151	0	186483	0	
14:48:28.794	565	0.6282076017750338	549	0	24747	0	12613151	0	186483	0	
14:48:29.794	566	0.6282076017750338	549	0	24747	0	12613151	0	186483	0	
14:48:30.795	567	0.6282076017750338	549	0	24747	0	12613151	0	186483	0	
14:48:31.795	568	0.6282076017750338	549	0	24747	0	12613151	0	186483	0	
14:48:32.795	569	0.6282076017750338	549	0	24747	0	12613151	0	186483	0	
14:48:33.796	570	0.6282076017750338	549	0	24747	0	12613151	0	186483	0	
14:48:34.796	571	0.6282076017750338	549	0	24747	0	12613151	0	186483	0	
14:48:35.796	572	0.6282076017750338	549	0	24747	0	12613151	0	186483	0	
14:48:36.796	573	0.6282076017750338	549	0	24747	0	12613151	0	186483	0	
14:48:37.796	574	0.6282076017750338	549	0	24747	0	12613151	0	186483	0	
14:48:38.796	575	0.6282076017750338	549	0	24747	0	12613151	0	186483	0	
14:48:39.796	576	0.6282076017750338	549	0	24747	0	12613151	0	186483	0	
14:48:40.797	577	0.6282076017750338	549	0	24747	0	12613151	0	186483	0	
14:48:41.797	578	0.6282076017750338	549	0	24747	0	12613151	0	186483	0	
14:48:42.797	579	0.6282076017750338	549	0	24747	0	12613151	0	186483	0	
14:48:43.797	580	0.6282076017750338	549	0	24747	0	12613151	0	186483	0	
14:48:44.798	581	0.6282076017750338	549	0	24747	0	12613151	0	186483	0	
14:48:45.797	582	0.6282076017750338	549	0	24747	0	12613151	0	186483	0	
14:48:46.797	583	0.6282076017750338	549	0	24747	0	12613151	0	186483	0	
14:48:47.797	584	0.6282076017750338	549	0	24747	0	12613151	0	186483	0	
14:48:48.797	585	0.6282076017750338	549	0	24747	0	12613151	0	186483	0	
14:48:49.797	586	0.6282076017750338	549	0	24747	0	12613151	0	186483	0	
14:48:50.797	587	0.6282076017750338	549	0	24747	0	12613151	0	186483	0	
14:48:51.797	588	0.6282076017750338	549	0	24747	0	12613151	0	186483	0	
14:48:52.798	589	0.6282076017750338	549	0	24747	0	12613151	0	186483	0	
14:48:53.798	590	0.6282076017750338	549	0	24747	0	12613151	0	186483	0	
14:48:54.798	591	0.6282076017750338	549	0	24747	0	12613151	0	186483	0	
14:48:55.798	592	0.6282076017750338	549	0	24747	0	12613151	0	186483	0	
14:48:56.798	593	0.6282076017750338	549	0	24747	0	12613151	0	186483	0	
14:48:57.798	594	0.6282076017750338	549	0	24747	0	12613151	0	186483	0	
14:48:58.798	595	0.6282076017750338	549	0	24747	0	12613151	0	186483	0	
14:48:59.799	596	0.6282076017750338	549	0	24747	0	12613151	0	186483	0	
14:49:00.799	597	0.6282076017750338	549	0	24747	0	12613151	0	186483	0	
14:49:01.799	598	0.6282076017750338	549	0	24747	0	12613151	0	186483	0	
14:49:02.799	599	0.6282076017750338	549	0	24747	0	12613151	0	186483	0	
14:49:03.799	600	0.6282076017750338	549	0	24747	0	12613151	0	186483	0	
14:49:04.799	601	0.6282076017750338	549	0	24747	0	12613151	0	186483	0	
14:49:05.799	602	0.6282076017750338	549	0	24747	0	12613151	0	186483	0	
14:49:06.799	603	0.6282076017750338	549	0	24747	0	12613151	0	186483	0	
14:49:07.800	604	0.6282076017750338	549	0	24747	0	12613151	0	186483	0	
14:49:08.799	605	0.6282076017750338	549	0	24747	0	12613151	0	186483	0	
14:49:09.799	606	0.6282076017750338	549	0	24747	0	12613151	0	186483	0	
14:49:10.799	607	0.6282076017750338	549	0	24747	0	12613151	0	186483	0	
14:49:11.799	608	0.6282076017750338	549	0	24747	0	12613151	0	186483	0	
14:49:12.799	609	0.6282076017750338	549	0	24747	0	12613151	0	186483	0	
14:49:13.799	610	0.6282076017750338	549	0	24747	0	12613151	0	186483	0	
14:49:14.799	611	0.6282076017750338	549	0	24747	0	12613151	0	186483	0	
14:49:15.800	612	0.6282076017750338	549	0	24747	0	12613151	0	186483	0	
14:49:16.799	613	0.6282076017750338	549	0	24747	0	12613151	0	186483	0	
14:49:17.799	614	0.6282076017750338	549	0	24747	0	12613151	0	186483	0	
