# Comment
statistic ../../stat/550nodes/keepalive.dat

msg_delay 300

node_add 0,0,0,0,0,0,0,0,0,0
node_add 0,0,0,0,0,0,0,0,0,0
node_add 0,0,0,0,0,0,0,0,0,0
node_add 0,0,0,0,0,0,0,0,0,0
node_add 0,0,0,0,0,0,0,0,0,0

node_add 0,0,0,0,0,0,0,0,0,0
node_add 0,0,0,0,0,0,0,0,0,0
node_add 0,0,0,0,0,0,0,0,0,0
node_add 0,0,0,0,0,0,0,0,0,0
node_add 0,0,0,0,0,0,0,0,0,0

node_add 0,0,0,0,0,0,0,0,0,0
node_add 0,0,0,0,0,0,0,0,0,0
node_add 0,0,0,0,0,0,0,0,0,0
node_add 0,0,0,0,0,0,0,0,0,0
node_add 0,0,0,0,0,0,0,0,0,0

node_add 0,0,0,0,0,0,0,0,0,0
node_add 0,0,0,0,0,0,0,0,0,0
node_add 0,0,0,0,0,0,0,0,0,0
node_add 0,0,0,0,0,0,0,0,0,0
node_add 0,0,0,0,0,0,0,0,0,0

node_add 0,0,0,0,0,0,0,0,0,0
node_add 0,0,0,0,0,0,0,0,0,0
node_add 0,0,0,0,0,0,0,0,0,0
node_add 0,0,0,0,0,0,0,0,0,0
node_add 0,0,0,0,0,0,0,0,0,0

node_add 0,0,0,0,0,0,0,0,0,0
node_add 0,0,0,0,0,0,0,0,0,0
node_add 0,0,0,0,0,0,0,0,0,0
node_add 0,0,0,0,0,0,0,0,0,0
node_add 0,0,0,0,0,0,0,0,0,0

node_add 0,0,0,0,0,0,0,0,0,0
node_add 0,0,0,0,0,0,0,0,0,0
node_add 0,0,0,0,0,0,0,0,0,0
node_add 0,0,0,0,0,0,0,0,0,0
node_add 0,0,0,0,0,0,0,0,0,0

node_add 0,0,0,0,0,0,0,0,0,0
node_add 0,0,0,0,0,0,0,0,0,0
node_add 0,0,0,0,0,0,0,0,0,0
node_add 0,0,0,0,0,0,0,0,0,0
node_add 0,0,0,0,0,0,0,0,0,0

node_add 0,0,0,0,0,0,0,0,0,0
node_add 0,0,0,0,0,0,0,0,0,0
node_add 0,0,0,0,0,0,0,0,0,0
node_add 0,0,0,0,0,0,0,0,0,0
node_add 0,0,0,0,0,0,0,0,0,0

node_add 0,0,0,0,0,0,0,0,0,0
node_add 0,0,0,0,0,0,0,0,0,0
node_add 0,0,0,0,0,0,0,0,0,0
node_add 0,0,0,0,0,0,0,0,0,0
node_add 0,0,0,0,0,0,0,0,0,0

node_add 0,0,0,0,0,0,0,0,0,0
node_add 0,0,0,0,0,0,0,0,0,0
node_add 0,0,0,0,0,0,0,0,0,0
node_add 0,0,0,0,0,0,0,0,0,0
node_add 0,0,0,0,0,0,0,0,0,0
