# Comment
statistic /home/florian/Desktop/stat/keepalive.dat

msg_delay 300

node_add 0,0,0,0,0,0,0,0,0,0
node_add 0,0,0,0,0,0,0,0,0,0
node_add 0,0,0,0,0,0,0,0,0,0
node_add 0,0,0,0,0,0,0,0,0,0
node_add 0,0,0,0,0,0,0,0,0,0

node_add 0,0,0,0,0,0,0,0,0,0
node_add 0,0,0,0,0,0,0,0,0,0
node_add 0,0,0,0,0,0,0,0,0,0
node_add 0,0,0,0,0,0,0,0,0,0
node_add 0,0,0,0,0,0,0,0,0,0

node_add 0,0,0,0,0,0,0,0,0,0
node_add 0,0,0,0,0,0,0,0,0,0
node_add 0,0,0,0,0,0,0,0,0,0
node_add 0,0,0,0,0,0,0,0,0,0
node_add 0,0,0,0,0,0,0,0,0,0

node_add 0,0,0,0,0,0,0,0,0,0
node_add 0,0,0,0,0,0,0,0,0,0
node_add 0,0,0,0,0,0,0,0,0,0
node_add 0,0,0,0,0,0,0,0,0,0
node_add 0,0,0,0,0,0,0,0,0,0

node_add 0,0,0,0,0,0,0,0,0,0
node_add 0,0,0,0,0,0,0,0,0,0
node_add 0,0,0,0,0,0,0,0,0,0
node_add 0,0,0,0,0,0,0,0,0,0
node_add 0,0,0,0,0,0,0,0,0,0

node_add 0,0,0,0,0,0,0,0,0,0
node_add 0,0,0,0,0,0,0,0,0,0
node_add 0,0,0,0,0,0,0,0,0,0
node_add 0,0,0,0,0,0,0,0,0,0
node_add 0,0,0,0,0,0,0,0,0,0

node_add 0,0,0,0,0,0,0,0,0,0
node_add 0,0,0,0,0,0,0,0,0,0
node_add 0,0,0,0,0,0,0,0,0,0
node_add 0,0,0,0,0,0,0,0,0,0
node_add 0,0,0,0,0,0,0,0,0,0

node_add 0,0,0,0,0,0,0,0,0,0
node_add 0,0,0,0,0,0,0,0,0,0
node_add 0,0,0,0,0,0,0,0,0,0
node_add 0,0,0,0,0,0,0,0,0,0
node_add 0,0,0,0,0,0,0,0,0,0

node_add 0,0,0,0,0,0,0,0,0,0
node_add 0,0,0,0,0,0,0,0,0,0
node_add 0,0,0,0,0,0,0,0,0,0
node_add 0,0,0,0,0,0,0,0,0,0
node_add 0,0,0,0,0,0,0,0,0,0

node_add 0,0,0,0,0,0,0,0,0,0
node_add 0,0,0,0,0,0,0,0,0,0
node_add 0,0,0,0,0,0,0,0,0,0
node_add 0,0,0,0,0,0,0,0,0,0
node_add 0,0,0,0,0,0,0,0,0,0

node_add 0,0,0,0,0,0,0,0,0,0
node_add 0,0,0,0,0,0,0,0,0,0
node_add 0,0,0,0,0,0,0,0,0,0
node_add 0,0,0,0,0,0,0,0,0,0
node_add 0,0,0,0,0,0,0,0,0,0